   1.91111484  -1.13970296  -0.51100296
   2.12394072  -1.00291164  -0.99571614
  -0.05832800  -0.76763046  -0.51966410
  -1.45385758  -0.05304817   0.19830526
   0.92005999   2.17824382   1.24448832
  -1.34155707  -2.14823586   0.19931277
  -0.82031347  -0.23866170  -0.68771179
  -0.49307338   0.98102024  -0.43947155
  -1.00037489   0.69207238   1.27921483
  -2.01765990   0.98304526   2.37075070
  -1.09986878   2.95008721  -0.19345259
  -3.15975772  -0.16943758   0.23580222
  -2.08305623   1.64121787  -0.33869375
  -1.30473593   1.93837492   2.75345739
  -3.16463684   2.05131845   3.07866041
  -2.41579526   4.10575931   0.77080368
  -2.23300876   0.61351016   3.98876552
  -1.43194295   2.22339527   1.15624591
  -4.13365321   0.55750131   0.27257323
  -1.10209222   2.64589261  -0.15631062
  -1.33492633   1.50171880   1.49948722
  -0.81979269   1.11426130   1.65609799
  -0.39058518   0.21399885   1.84590634
   0.83378885   0.25772461   1.03537878
  -0.59345326   0.66861675   1.04091965
  -0.52940363   2.08947701   1.00257542
  -0.65282133   2.78280901   0.33687054
  -1.40189384   1.55523969   1.48919021
  -3.17666352   0.75473747  -0.42513301
   0.13539344   1.32801599   2.30828613
  -1.94710582   1.99202556   0.42326262
  -1.69576835  -0.69276357   0.04508584
   0.73395711   1.91181279   1.39868782
  -1.09791890   0.12328892  -0.00909173
  -1.81493689   1.18074957   1.48860094
  -1.66500140   1.47684449   2.38329435
  -2.53500068   3.41833788   1.22160431
  -3.17695562   0.00101397   2.28526298
  -1.41638881   0.78213247   0.19934119
  -1.52833585   2.08207397   1.05913705
  -2.34040431   1.50885469   1.67455716
  -0.52898829   1.81149902   2.80472432
  -1.05835247   2.20976295  -0.51350816
  -2.08397263   1.13310326   1.05592602
  -1.49124118   2.08099789   0.81424370
  -1.82295986   0.29295240   1.58553187
  -0.88372252   2.00026774   0.82472639
  -2.86912856   0.32235350   1.96926618
  -0.76853112   1.68419618   0.09918673
  -1.59499194   0.02196477   0.71790813
  -0.08653552   1.02690319   0.92583520
  -0.09537982  -2.75829223   1.60804746
   1.07704935   0.85135626  -0.79029330
  -0.68998989  -1.95232333   0.23719500
   0.54268769  -1.63583627  -0.71080164
   0.13182247  -1.17789819  -2.11073353
   1.81414360  -1.24116133  -1.22676941
   1.60073283   0.07508361  -1.17511904
   1.22484459  -1.73942935  -0.61016484
  -1.45604874  -2.56428651  -1.03616047
   0.41163688   1.61350417  -1.86256454
   0.28853792  -2.59592080   1.30647784
   2.43011258  -0.18668731  -0.57247401
   1.49049914  -1.93044918  -1.96557179
   1.77264673  -2.68433282  -2.14557906
   3.15270852  -0.40805961  -0.27469092
   0.06381418  -1.97703713  -1.14773200
   2.35654648  -0.14019756  -0.94200352
  -0.36117922  -1.18970638  -1.06686368
   1.40951404  -1.34154066  -1.52725936
   0.39275734  -0.94671693  -0.87270847
   2.48072989  -1.16050314  -2.08646758
   2.89812300  -1.11563214   0.23847968
   2.07623242  -1.02555398  -0.67809364
   3.35335933  -0.06224736  -0.91764969
   0.76527249  -2.72336452  -0.46914654
   2.47056270  -0.59562182  -2.38657523
   0.96196980  -2.09358020  -1.29513193
   1.42885916  -0.20032954  -0.31202963
   1.23626042  -0.51331403  -0.71084540
   1.34226890  -1.71444734  -0.18083889
   2.85399794  -0.22643635  -1.08595651
   0.80686364  -1.47151901   0.44982429
   2.26556743  -0.98978988   1.74793297
   0.35672628   0.20863646  -0.63309505
  -0.53861079   0.03457757   0.88634006
   0.03957373   2.91790431   1.47557048
  -0.28228931  -1.26387161   1.03172025
  -0.10023760   0.80483758  -1.21218536
   0.22339917  -0.10329576  -0.88272547
   1.82280823   0.40793898  -0.45314874
   1.72472374  -1.23567595   1.10758610
   2.36071881  -0.65519346  -1.56643718
   2.28217440  -2.00593573  -1.90459813
   1.58871688  -0.82481527  -0.94413420
   1.97361654  -2.48471805  -0.97312552
   2.51778347   0.50989763   0.04564663
   0.17632212  -3.32064492   0.00247096
   2.19278978  -0.72168764  -1.29791543
   0.61759165  -1.29014906  -0.52298290
   1.45294848  -0.95073741  -1.85616300
   0.15044418  -1.91691240  -0.76759380
   1.90459330  -0.19408466  -2.30816499
  -0.57590810  -2.44212372  -0.68326521
   2.54407108   1.59636656  -0.92132327
   0.87689121  -0.27158439   1.10320573
  -0.39934726   0.11865737   0.08195952
  -0.46660844  -0.49300242  -0.02542333
  -1.20659417  -0.50411261  -0.91948304
  -1.68917061   0.17226317   0.27065580
  -0.65412172  -0.45423378  -0.16937246
   0.08256786  -1.52236374  -0.86804297
   0.86144398  -1.57083772  -1.63009915
   2.86391433  -0.38490808  -3.16164453
   2.47077344  -3.14414876  -1.11260427
   2.90903613  -1.58309563  -3.11747768
   1.84314963  -2.36079754  -0.97254471
   2.22995545  -1.10587214  -1.65994049
   0.28084848   0.16322465  -0.87491801
   0.12328739  -0.18293745   0.41918174
   0.75679757   1.10894250  -0.77474632
  -1.10807789  -0.57279826  -0.08927282
   1.94483526   0.63104342   0.30344857
  -0.95243144  -2.11446129  -2.30391800
   3.49076572  -1.31770321  -0.19218074
   2.67417510  -2.07196913  -1.98456211
   2.32539553  -1.95274758  -1.60229013
   1.06041379  -2.84208492  -2.44495055
   1.02228637  -1.09067128  -1.38366055
   1.07755243  -1.27241185  -1.71012886
   1.34068197  -0.33773271  -1.50364202
   1.40198248   0.28466339  -0.36714702
   0.94787670  -1.29444030  -0.20897093
   2.86443230   0.62787505  -0.81299673
   0.94682439  -3.30894392  -0.34989887
   2.96209216   1.54052697  -2.38879169
  -0.52259173  -3.28887057  -0.07662994
   1.85017384   0.39892752  -0.10367531
   0.78906442   1.26627095   0.59397868
  -0.51828966  -0.85311136   0.73347718
  -0.14737356  -0.15948661   1.66978960
   0.45558986   2.25939877  -1.06933234
  -1.79819291   1.70983721   0.59011920
  -1.11729824   0.09080013   1.22026626
   0.92275040   1.59372155   2.50871836
   0.84601899   1.99880561   0.62687978
  -0.11371618  -1.99446664   0.17499781
   1.66090011   0.84494933  -0.69553857
   0.64562280  -1.33730802  -2.07127360
   1.58996561  -0.69580201  -0.79351414
   0.45308528   0.14424378  -1.55766133
   1.04311915  -1.59851163  -0.45848063
   0.48552474  -2.14403746  -1.30568202
   1.49916758  -0.52038419  -1.85236537
   1.61545611  -1.31122175   0.66510163
   0.53858503  -0.59821296  -1.32604851
  -0.55108868  -0.42058848   0.39573257
   2.05572498   1.60803148   0.41608066
  -1.37501523  -1.65850379  -0.17020473
   0.28237783   0.56729247   0.40678838
   0.44417056   0.61682250  -1.83099140
   0.09621675  -0.79277721   0.68334605
  -0.54594274   1.57997665  -0.93853647
  -1.50755541  -1.60833016   2.27219170
  -1.81392580   2.28350751  -0.50240921
  -0.00902178   0.89130794   1.80798257
  -0.96352903  -0.47690040   1.89349736
  -1.94303480   1.57607876  -1.13171251
  -0.35354145   1.08461082   2.14016124
  -2.36689086   1.84861754   2.13333108
  -0.36874627   1.23321043   2.39183688
  -2.30315823  -0.95005738  -0.09498815
  -1.02626422   1.04563946   2.10804948
  -2.21671673   2.32880240  -0.14828645
  -2.50641704   0.22382185   2.07970289
  -1.37185286   4.00307299   0.83815809
  -1.43629016   2.87012686   1.99563776
  -3.47185599  -0.11920578   1.33105402
  -1.10353892   3.07141175   2.30883116
   0.44334165   0.70591411   2.36500191
  -0.68012753   0.74077835   0.21537106
  -1.22494255   3.29636500   1.39378599
  -2.86047404   0.71124466   0.48388520
  -1.37974996   1.30953514   0.76863798
  -0.86960868  -0.58832227   1.31698477
   0.14295645  -0.14111900  -0.83832117
   1.46607038   0.58827155   0.52753534
   0.46780017  -1.56275633  -1.17596108
   1.61163951  -1.66207126  -2.45001358
   1.79653180  -2.01469593  -1.11634485
   2.19499810  -2.68175815  -1.86977729
   1.25699538  -3.45989546  -4.11502300
   4.14426657  -1.72697004  -2.98344359
   3.45818130  -3.24571847  -3.54968897
   5.08857372  -1.92042654  -2.73634380
   3.86656490  -3.05718210  -1.69703543
   3.36619742  -2.04751550  -3.19069560
   1.85905868  -3.78765390  -3.56310821
   4.03332012  -2.65594556  -3.02488525
   2.37979943  -4.25507221  -1.65116646
   3.39956632  -1.30184850  -2.82759602
   2.27001025  -4.16106136  -0.64683367
   2.67059472  -2.41386323  -3.13194193
   2.52930570  -4.47225373  -2.01473072
   4.37940121  -1.70986149  -3.17833442
   4.33901526  -4.56494270  -2.09143969
   3.30885403  -3.95648100  -2.99748583
   4.00001323  -2.83439331  -4.61663313
   4.34562399  -3.71959301  -3.80527300
   5.43391089  -5.22158866  -2.72065441
   3.77130701  -3.04483447  -3.57778769
   3.83332630  -2.52914487  -2.36403398
   2.34330047  -3.51731387  -0.55694991
   2.58332932  -1.35861474  -3.50761725
   1.74377357  -2.75951916  -2.36061104
   2.66655487  -1.47356691  -1.37591617
   1.38178420  -1.93523359  -0.87889376
   1.97227469  -0.09290207  -2.85470160
   1.15224597  -2.30044911  -2.59145310
   2.45835041  -0.79055134  -4.49895372
   0.86877197  -1.26697771  -3.38414833
   3.07600989  -1.19918070  -2.88534463
   1.37548132  -2.27239309  -0.20110064
   2.92295332  -1.08682561  -0.68631034
   1.94563245   0.54069491  -1.01993319
   0.35462973   0.90278314  -2.29555696
  -0.85563281  -1.98054003  -0.80158484
  -0.17897246  -1.16950966  -1.95822392
   1.62003300  -0.48260995   0.15098462
   1.69855969  -1.79235300  -1.88326543
   1.90219296  -1.66467605  -1.73709117
   0.75102888  -0.82862134   0.08389598
   3.39434768  -2.37915799  -0.55499419
   1.92905354  -2.37210784  -1.85043891
   0.94172779  -1.85963590  -3.96568972
   3.21901790  -3.46802995  -1.57633701
   0.27770785  -2.02763148  -3.13831618
   1.66804855  -1.95667182  -0.53747786
   2.26704068   0.36243635  -3.91781616
   0.22072653  -4.35255126  -0.02700242
   2.88842270   1.58889788  -3.08750266
  -0.40537970  -1.85475064  -0.42030310
   0.02122962  -1.02665283  -0.72750665
   1.11846056  -0.12224303  -0.59392888
   0.41713399  -2.71738178   0.33782357
   0.43615695  -1.80607661  -0.23689658
   0.21955332   0.42425924  -2.87167124
   0.28448674  -2.11782074   1.13938617
   0.22306586   1.15402385  -1.25270479
  -0.74587624  -0.42391933  -0.34184344
  -0.73604958  -1.27763423   0.68093725
   0.87775262   0.23515846   0.74701804
   0.97531866  -0.70869674  -0.08951141
   0.32115407  -1.50086538   0.65490678
   0.63107246   0.88117326  -0.42693142
  -1.58531323  -2.16023748   2.00065777
   0.42711968   2.90510654  -2.26948103
  -0.45096189  -1.39391352   2.06818420
  -1.41317029   0.15042324   0.13272033
   0.53511446   0.89981231   0.10012947
  -0.31742670   2.34720636   2.59573259
  -2.56223760  -0.07201478  -0.19596681
  -0.60778769   2.47749332   1.65076282
  -2.36355311   2.31278260   3.12764265
  -3.29047091   1.93029411   3.58309801
  -4.23162067   3.28000795   1.40819656
  -2.63057897   1.79930114   3.58965750
  -3.37589719   3.16328490   2.36243491
  -4.15617231   3.85527012   3.03912901
  -3.39706491   2.38190004   4.00114008
  -2.44211425   4.81685114   0.90185866
  -2.61139495   0.19283241   3.81485656
  -0.65791916   3.05321690  -0.37216787
  -2.79115242   1.13354595   1.51131124
  -2.89779265   3.08981722   0.35427520
  -3.34854040   0.08392800   1.32953334
  -1.18156033   0.60297572   0.52007797
   0.03731300   1.89966486   3.32629825
  -2.06995592   0.54179787   0.96653530
  -1.64178188   0.42531683   1.47538868
  -0.55346038   1.19816134   0.70189270
  -1.23571518  -0.24893540   1.38185158
  -1.57472972   0.23355115  -0.20427748
  -1.60919255   0.45037217   0.45829686
  -0.06377879   1.41538143   1.54341874
  -0.76434617   2.85866866   1.69072128
  -1.42579913  -0.29736810   1.51620361
   0.86179554   0.49751584   0.26984595
  -1.61285381  -0.82258122   1.30125623
   0.27102793   0.72626905   1.61797511
  -1.08873107   1.59813300  -1.60918359
  -0.91425442  -1.06471974  -0.34359169
   0.27454726  -0.16133414   0.55993274
  -1.59210140  -0.89779893   1.28852727
  -0.05862231   1.93784368   1.67735493
  -0.64522002   0.75115839  -0.36753914
  -1.00734334  -0.47206373   0.93362776
  -1.98867978   0.88968456   0.02272576
   1.19032880   2.12351814  -0.16408706
  -0.66775279  -1.98865434  -0.12221695
  -0.92397613   0.42863624  -0.55706135
  -0.65920679   2.07394129   0.77125825
  -1.35888079   0.95439586   2.23109655
  -1.79069850   2.29841012   2.23183191
  -1.86070661   2.43958591   2.40152802
   0.10264132   3.03209427   1.96304808
  -1.08665418   1.12043447   0.75623323
  -0.00227764   2.70653126   0.48080307
  -1.89387155   2.01803413   1.34443054
  -2.48497919   1.00102082   0.73688204
  -2.99923782   3.06968412   1.12989604
  -1.99587228   1.40409110   2.50245472
  -2.03576675   1.69720391   0.39866657
  -1.90006983   1.84648238   0.95521033
  -1.25585567   0.85442062   1.49734041
  -0.73699577   0.93226705   0.09066678
  -0.41433265   1.29747214   0.84465283
   1.83456322   1.73558856  -0.94721202
   0.68079936  -3.57060533  -0.42962010
   3.30645561  -0.20929910  -0.78959328
   0.16175948  -2.11842672  -1.68610003
   1.30582372  -2.48128582  -1.54491988
   3.29738194  -2.10511638  -3.84150870
   2.59383439  -4.49185976  -1.17856300
   2.31560762  -2.04253765  -3.08176365
   2.35385301  -3.69579891  -2.18194624
   3.20973562  -1.70318041  -2.94626444
   4.14026409  -3.87897320  -2.49756954
   4.05308109  -2.76512094  -4.08309498
   4.33431218  -5.21671314  -2.85672354
   2.86121237  -2.65321506  -5.47435846
   3.41601434  -5.37958355  -2.98135170
   2.27388638  -1.63759493  -5.85193228
   1.73627344  -5.42579973   0.46420306
   4.17603136   0.02228190  -1.61327805
   0.58539892  -3.62738779  -2.92488304
   2.10508432  -2.44593504  -2.61022490
   3.29297185  -1.25446877  -2.29209569
   2.19772427  -4.84187321  -1.68173885
   2.56677288  -1.84640168  -2.65930236
   1.07626984  -2.43266484  -3.47805285
   0.84917115  -0.64291326  -2.46389010
   0.50094977  -1.11911211  -1.10782149
  -1.10386381  -0.72618112  -0.05265422
  -0.07439941   1.15970124  -0.78060936
  -0.51809796  -0.28500841   0.55926519
  -2.73803171   0.26201377   1.20195266
  -0.85814301   1.67442388   0.11686312
  -0.45803073  -0.35151095   0.01840168
   1.58990515  -0.08527676  -0.08865903
   1.24262738  -0.76316091   0.08896621
   0.30888374   0.15820285  -0.52688828
   0.22633492  -0.79647549  -1.36051442
  -0.96217352  -0.88590828  -0.80051948
   0.95331545   0.13810743   1.39946708
  -0.82860459   1.27271630  -0.48285818
   1.24081010   0.64571115   0.50535576
  -1.38832103  -0.06911436   1.29896256
  -0.44755103   1.27020088   1.17091745
  -0.70176616   1.78657306   2.58128314
  -1.28178445   1.33782597   1.00906224
  -1.34070320   1.73935555   1.89700859
  -1.32258287   2.29385560   1.55910522
  -1.61506723   1.51906783   3.12597174
  -3.41508257  -0.32092711   1.84167568
  -0.95538021   0.99656131   0.65740582
  -1.22143513   1.16312775   2.53256611
  -2.84382565   3.65548716   1.35693012
  -3.19894415   1.69561106   2.66595712
  -2.03619472   2.74471461   2.27561136
  -3.63507078   2.80068041   2.13798123
  -2.87398837   2.73912136   1.05517434
  -3.01841479   2.66301670   2.25695712
  -4.58578331   2.09947401   2.78780703
  -3.62001492   2.55459874   2.47360657
  -4.02665519   3.89542362   2.20603190
  -3.15108690   5.32601561   2.20816110
  -5.62722602   2.32346387   4.45673087
  -5.78015250   4.43527605   3.11349738
  -3.59935594   4.92086799   4.22272923
  -2.77855771   3.68126813   4.79376683
  -3.44100100   4.60703557   1.45642361
  -3.29650257   3.43121833   2.85039243
  -4.06814037  -0.82016286   3.07750293
  -0.98499614   3.81696623  -0.42290118
  -2.51157811   0.24475981   3.56971077
  -2.51978741   2.26399610   1.54220657
  -2.51541972   2.27806363   3.90051099
  -0.42179171   2.41625495   3.89300573
  -0.86010218   1.50063833   1.68960760
  -2.64682262   1.13578568   1.63526967
  -2.89265993   2.15125830   2.19986819
  -4.29949751   2.92160972   2.32124110
  -1.96317627   2.95550875   1.17200543
  -2.81293193   2.27853110   3.65635864
  -3.47662172   3.75252175   1.21596055
  -1.73062159   4.34898545   0.60449861
  -3.52371309   1.82968046   2.39498296
  -4.84527626   2.62794987   2.24501034
  -4.50922344   3.60897086   2.86379436
  -3.99229456   6.64773089   2.62565833
  -5.86434274   3.26806280   5.99872116
  -5.54475219   6.49572395   4.47744198
  -4.60634352   6.23759933   4.58596604
  -5.18096266   4.10021846   5.55450370
  -3.60879387   5.37823760   4.26761913
  -6.20599626   4.38074449   3.00852046
  -5.02961446   5.82097057   2.37962020
  -6.28825005   2.47564555   5.26965091
  -2.09110529   6.18658120   2.73829888
  -2.75589801   2.27640392   4.32096072
  -3.06642194   3.23056680   1.51512361
  -2.58889830   3.43399999   2.64628419
  -4.40666105   1.78710152   3.73624740
  -2.89774060   3.32270234   1.89522368
  -1.30826873   2.70582576   4.22438708
  -2.60117362   2.95390740   3.89501451
  -1.41449817   3.54783420   2.04200385
  -2.57522422   2.39518325   1.20643292
  -3.57563883   2.01224280   1.91528149
  -2.93597923   2.87742602   2.46040163
  -4.88864132   2.78900852   3.62082426
  -4.53182263   4.16787383   3.72677992
  -5.57711190   3.94444663   2.36230164
  -4.96765293   3.53226345   5.07793443
  -3.94937491   5.53072631   4.14353474
  -5.72588834   3.05140437   3.22809178
  -4.38384060   4.44000989   4.16975831
  -2.85794640   3.96573803   4.74228624
  -4.08369957   2.73585256   1.90133531
  -2.44316623   2.61793043   2.53715648
  -2.72209094   3.02341097   2.49418515
  -3.04899161   1.20838950   2.11059861
  -1.57519314   2.72922157   0.82620507
  -2.43525110   1.43983508   1.02241774
   0.04441786   0.71810113   0.64644788
  -0.72319317   1.70877099   1.43346345
   0.11201936   1.96678253   2.00735454
  -2.37669054   4.05539550   0.58605252
  -3.17086348   1.57514459   2.93007321
  -3.16365565   3.61404614   1.38293135
  -3.03157903   0.65078457   2.71977368
  -2.60353891   4.11151627   0.81298419
  -4.07604264   3.14543614   3.24175903
  -3.81536638   4.54804711   2.94525077
  -5.00736082   4.18757796   3.83576292
  -3.70455414   4.23904797   3.67328183
  -4.82399317   1.86195227   3.59139077
  -3.11819585   4.21576952   1.77701731
  -2.67926852   1.85609258   2.50908037
  -2.31644119   3.21112539   1.74870415
  -2.84452702   2.06013846   3.17877785
  -2.62565021   4.32856334   1.60261639
  -3.12896868   3.39374215   3.53694957
  -1.94846023   2.26042655   1.18088692
  -2.60235883   0.38909250   2.02067166
  -2.27446933   1.99331425   0.81250250
  -1.70286662   1.37962922   2.57506560
  -0.89749611   0.44645516   1.45886222
  -0.57521404   0.54962777   0.40075275
  -1.78598247   0.64591170   0.99944027
  -1.02922080   2.17375662   1.87616936
  -1.61507290   0.47902443   1.25501868
   0.07568643   2.86163871   1.33237351
  -0.33469205  -0.98048904   2.34555243
   0.58943331   0.79011173   0.37476261
  -0.27002015  -0.92985840   2.72716087
   0.19296809   1.28822640  -0.48930166
  -0.08367787  -2.17748695   0.40421325
   2.15412329  -0.08488478  -1.74757352
   0.87951184  -1.88920269  -0.69098380
   2.11754386  -0.44071763  -2.37923442
   2.17492130  -3.30415550  -1.83184980
   1.73351182  -2.72453141  -2.91845256
   2.20955112  -2.16782873  -3.78522907
   2.12365570  -2.64164567  -1.64423833
   2.60450434  -1.05514427  -1.02648710
   1.91984471  -0.70453152  -0.65584392
   0.88429869  -0.81864091  -0.94982490
   1.45207118  -1.88038849  -2.27007946
   2.14913347  -1.19575836  -1.65592296
   1.97060638  -1.07351492  -2.01877059
   2.36774763  -0.44300806  -2.83963298
   2.52128237  -2.30325829  -1.63499715
   1.46092940  -3.77120771  -0.95523383
   2.19181691  -0.15309337   0.07186877
  -0.74595248  -1.72810888   0.52202200
  -0.59982026   0.05009890   0.01387434
  -0.53604057   0.02223121  -0.13114524
  -1.17828813  -1.42119079   0.19071628
  -0.18209001   1.14827873   1.19996705
  -1.82073765   0.99148946  -0.41058786
  -0.97500351   2.36487264   0.95451958
  -1.03247243   0.27031939   0.80522526
  -1.19573518  -0.01514750   1.89402896
  -1.16929235   0.19316433  -0.93260030
  -1.07399462  -1.59203688   1.06765452
  -0.80205677   0.81860793  -0.28302451
   0.35063114   0.61585668   2.37468690
  -1.81170654   0.58249474  -0.61187781
  -1.50300942   0.89289470   0.81579834
  -0.42814967   0.90829588   1.36808074
  -1.60897139   0.75731203   1.42733948
   0.10833307   3.28156945   0.22081347
  -0.12015047  -1.31172316   1.66347816
  -0.85763135   2.41477060  -2.27680827
  -0.82342778  -2.14205365  -0.66390771
   1.38042399  -0.47808139  -0.31237698
   2.73071423  -1.28156638  -0.74580452
   1.79520659  -3.01044014  -1.21726343
   1.84557529  -0.94483068  -1.22248624
   1.60565209  -2.60522695  -0.17428729
   1.96653230  -0.62404157  -1.62045376
   1.38094851  -3.20968005  -1.32913965
   3.55551635   2.01497886  -3.23437107
   1.49508716  -3.09203812   0.23268212
   1.97961230  -0.44997428  -2.30574322
   1.41943726  -1.99730856  -0.43507429
  -0.75158261   0.18514008  -2.18758102
   0.53468477   1.37450530   0.76319027
   0.19724344   1.18253955  -1.02520580
  -0.54809640  -0.56294511   0.30957563
  -0.99366902  -1.03193990  -0.45032117
   1.11967829  -0.70562038   0.27329963
   1.02531416  -0.33257137  -1.18963211
   2.21436914  -0.13533114  -0.68479894
   1.90236407  -2.91976491  -0.64134055
   1.77026222  -2.43136947  -1.55760716
   1.49826791  -1.57867897  -1.81410892
   2.41591864  -1.12705410  -1.79680641
   1.59524040  -3.78441469  -0.95124181
   3.38791781  -2.96499330  -3.29672227
   3.04101702  -3.16555487  -3.34299393
   3.56659536  -3.74467879  -2.96454212
   2.03503611  -1.70800409  -3.21796327
   3.71216897  -2.23041118  -1.13667985
   1.33814265  -2.57560827  -1.98592190
   1.08972481  -2.95230998  -2.82068865
   3.15983182  -1.86967095  -2.01218893
   2.32527680  -2.77374529  -3.20161283
   2.82231597  -4.26923474  -1.19445802
   3.83969310  -1.86091425  -3.89934923
   3.27289592  -4.82693077  -2.13434714
   2.59061752  -1.72299058  -2.81489972
   1.91489635  -0.45861878  -1.78335111
   1.74650152  -0.34889063   0.13818634
   1.61807892  -0.78515753   0.55716302
   1.23600795  -0.33570311  -1.84970568
  -1.40049810  -1.52051266  -1.50247887
   0.50217247   2.12379256  -1.14011265
  -1.04980940  -0.34230391   0.52568456
  -0.37570406   1.19752350   0.44994094
  -1.36099062  -0.02582513  -0.43165422
   0.35570113   1.35885142  -1.12694206
  -0.55443524   0.11288589  -0.95737418
  -0.73296617  -0.99712094   2.39927212
   0.15750714   1.33131292   0.89314507
   0.68655261  -0.30544087   0.97124872
   0.52799183   1.18563958  -0.57777726
  -0.19980754  -0.80090637   0.09136159
   1.43519301   0.69935388  -1.13528461
   0.93311135  -0.16100630  -1.13794089
   1.64694578  -1.45375625  -0.86797099
   0.65378091  -2.14882997  -0.67194483
  -0.15838159   0.36515927  -2.59936639
  -0.55639899   0.54922715   0.99614858
  -0.75969391  -1.81284462   0.30523607
   0.43434395   0.03686056  -1.34949971
   2.20238269  -0.12944773  -0.20728328
   0.40561669   0.17705649   0.33630765
  -0.25733726   0.37171864   0.18537846
  -0.22140111   0.46236135   1.08062600
  -0.82060670   2.22973280   1.70400906
  -0.36921376   0.06421526   3.40049887
  -0.53766151   1.48203689   1.22354214
   0.17323156   1.27194963   2.94953492
  -1.74907736   0.10542780  -0.25137851
   0.27757917  -0.27767872  -0.98966907
   0.63752621  -1.26861418   0.48605284
   1.28948344   1.99007148  -0.10809603
  -1.33251052  -0.84513213   1.43698900
   0.57621606   2.79551145   0.86513793
  -2.07618167  -0.45168210   0.98726934
  -0.23141163   1.94084218  -0.10105135
  -2.18265177   0.66770928   2.34382391
  -2.05472423   2.81606074   0.99421674
  -2.77985112   0.92276487   2.34231435
  -1.68129373   4.77003570   2.24393527
  -3.13846104   2.34387001   5.34471501
  -4.02461937   3.89168237   2.36200281
  -3.14957286   1.98117229   4.26582465
  -2.31435162   3.87595197   2.15218047
  -2.04752067   0.50786708   0.82382770
  -0.90584035   0.21977587  -0.40623363
  -1.57495763   0.22736556  -1.78364926
  -2.13332823  -0.16090972   0.57222454
  -0.13387212   2.13328052   1.18425633
  -1.56525427   2.71848075   1.57484621
  -2.72309247   1.41564493   0.95797422
  -1.70598707   1.71467901   0.15520309
  -2.18670152   2.75293909   2.62005909
  -1.09983697   3.87730701   2.91264034
  -3.75025878   2.75605838   2.41529737
  -4.46521818   2.47397005   4.29999920
  -3.96832543   5.86512400   4.16586401
  -4.31421755   4.31300499   3.53364802
  -5.98399943   5.05550599   4.10764099
  -4.24542162   4.90856125   3.47061122
  -3.82725407   4.47237126   4.60194122
  -5.70757095   3.59694443   3.77884629
  -4.26581399   4.24289718   4.36453400
  -3.45405324   5.44815806   5.60200048
  -5.32949722   5.70443305   4.55262765
  -6.31846017   4.30187818   4.83103162
  -3.24054460   6.47497155   5.68149608
  -5.39329549   5.83425650   3.28987586
  -4.94244630   3.76597178   5.24853388
  -6.26907245   4.57220491   2.97726541
  -4.29023958   6.62211437   4.33321142
  -5.84567158   5.34276255   6.02080093
  -6.50032416   7.46518813   2.94034483
  -4.48139992   4.20189994   5.64170380
  -6.63238264   3.11294157   5.82815372
  -4.49978408   5.32770740   4.34331498
  -5.96445013   3.11569311   3.42600146
  -2.82306819   5.92178020   3.09834630
  -2.97556131   2.71106871   2.95596304
  -3.95786149   3.53972339   2.04601805
  -3.41753159   3.27963902   3.57427398
  -2.57215465   2.43617393   2.57187367
  -2.46311603   2.23872189   1.37346435
  -0.73247298   1.57758598   0.61564033
  -1.48020122   0.97522749   1.84573215
  -0.47339757   1.42105133  -0.20380234
  -1.71611899   0.41718515   2.40027271
  -2.24097366   0.82991510   2.83232330
  -0.49312622   3.01826281   0.45663702
  -1.11879867   2.80537662   2.00295819
  -0.96800191   1.58508926   1.69538198
  -1.37083118   2.48349902   2.39536571
  -2.18652562   0.53259802   2.51148900
   0.03445744   1.60356220   1.40241000
  -2.95892949  -0.30271913   1.32794069
  -3.88194803   1.22487970   0.25175929
  -1.54622338   1.91855244   1.86323127
  -2.84423600   1.35153598   1.68756880
  -1.17673154   2.48208441   1.60567061
  -3.71855184   2.77697729   1.89128973
  -2.26848452   4.07631255   2.96461502
  -2.69719272   0.98346716   1.87765810
  -0.96855434   3.30129534   2.82531069
  -4.28118887   1.41621419   2.59943165
  -2.99104567   3.56437865   2.82942988
  -2.35272602   2.39313349   1.94005024
  -1.60551370   3.41753920   0.29074345
  -2.83260903   1.17604154   1.98616895
  -1.67271921   2.30683236   1.76358279
  -2.67689971   1.88605370  -0.47507412
  -0.69838697   1.17976358   0.76550530
  -2.03683510  -0.24500953   1.89623075
   0.16134215   2.95156004   0.91643725
  -0.23734035   2.27363299   1.05907955
  -1.93986321   1.41439962   2.03721701
  -0.03960444   0.61237491   1.35171296
   0.37043312   2.31272036  -0.17441090
   0.16316910  -0.99370097   2.03143182
   0.15813257   2.02850788   0.31891033
  -0.87505847   0.17564871   1.99912179
   1.03410569   2.07528808   0.45610101
  -0.68367224  -1.45181064   0.28807243
   0.05833760   0.44036348  -0.38476677
   0.79201658   0.03753699   0.38748379
   1.01070422  -0.57647851   0.60185431
   2.08600215  -1.34077214   0.32784967
   1.62956907   1.21745664  -1.43440123
   0.71394887  -1.96957644  -0.63785065
   0.46773312  -2.73941365   0.62549972
   2.49595058   0.23930341   0.87425621
   1.92700474  -0.19594899  -0.28561933
   0.86330235  -2.40714623  -0.70422489
   1.96873563  -1.90277457  -2.70254742
   0.92847082   0.25071823  -0.82492012
  -1.49107522  -1.18321116  -0.67553594
  -0.68326720  -0.29503687  -1.95542007
   2.30738865  -0.82601971   1.15021058
   2.25984510  -0.28635883   1.06300076
   1.27679636   0.14787646  -1.46499148
   1.13605111  -2.15343884   0.45568935
   1.27009029   0.35169702  -4.32930298
   0.70746660  -2.98597435  -0.32210256
   3.62979842  -1.84216269  -3.85155459
   0.67082268  -5.49097480  -1.69061389
   2.07176681  -0.97094789  -4.96569967
   1.86761414  -3.64300461  -3.51601148
   3.04754867  -2.47170344  -3.93033671
   1.28882462  -2.99883827  -2.95421020
   2.14062361  -1.16442581  -1.76118195
   3.37972508  -2.24403962  -3.60013852
   2.26599415  -3.21507011   0.15150545
   3.93126750  -2.21555339  -2.21645468
   2.66207000  -4.30758770  -3.48741451
   5.47081976  -3.15039030  -4.48539150
   4.99159035  -5.29093074  -2.35903740
   3.70815750  -3.58879077  -5.05600828
   4.10516093  -5.66599322  -2.70107364
   3.04097119  -4.62558842  -2.72644679
   2.61364539  -3.47771618  -2.80517361
   3.63706313  -3.50143962  -5.23047540
   3.32456758  -4.35527047  -2.54355377
   3.82872721  -2.79924374  -3.60664824
   3.21431030  -2.53363508  -2.35912762
   2.51101865  -4.29314570  -2.81201575
   4.24261581  -5.21447512  -3.86994117
   4.85322950  -4.95589651  -4.41135131
   5.02573608  -6.01529945  -3.88280682
   3.51989931  -2.16254103  -4.68545248
   2.17903916  -5.62819935  -2.26530052
   4.10647618  -1.27897466  -3.05222669
  -0.18222904  -4.62506771  -3.38667929
   2.38088443  -3.05018530  -3.21284123
   1.19043612  -2.59827505  -3.34969009
   2.09568909  -3.41171194  -0.85236442
   2.52380232   0.12811881  -2.33767547
   0.66086428  -2.00091489  -0.52267630
   2.44862380  -1.25481739  -1.54015976
   2.35261159  -1.06671595  -2.88919783
   3.44099572  -2.10887593  -2.86098560
   2.57525774  -3.78471525  -3.44645648
   6.04583881  -1.39068669  -1.44435183
   0.47708697  -3.80013211  -1.83636617
   2.42916878  -1.63466633  -3.42948811
   1.80603478  -4.08798542  -1.54153202
   4.75667725  -3.11125459  -2.85891169
   3.80557357  -4.57397567  -3.91285771
   3.97097526  -3.57738507  -3.01141086
   2.28149853  -1.66061345  -3.45564621
   1.30968595  -3.75011572  -0.74982145
   1.37942910  -1.69121942  -1.92750899
   1.74062368  -2.23710833  -0.66399590
   0.34194396  -1.08720750  -2.84818858
   0.65134583  -1.72413789  -1.47130745
   0.67456029  -1.35205539  -1.38525998
  -0.82152693  -0.47271122  -2.32876288
   1.09838742  -2.08979808  -0.98598935
   2.39355621  -1.54429129  -1.28494226
   1.28515555  -1.26448770  -0.79104756
   1.90885105  -1.59922800   1.62203463
  -1.42586411  -1.74807438  -2.53431687
  -0.84883965   0.01122733  -1.69893059
  -1.65180156  -0.68311392   0.01050069
   0.53694606   1.59840609  -0.83659356
  -1.43218076  -0.59032751   0.19219549
   0.03756402   0.91219090  -1.13596035
   0.17159579   0.93543869   1.80035742
  -2.17370732   0.02843870  -0.48145339
  -1.47099009   0.58591066   0.50986602
   0.29862948   0.37486183   2.42865151
   0.36395074   0.88641063  -1.87757794
  -0.43773720  -0.16836340  -1.89527610
   0.34478623  -0.38419978   1.00225096
  -1.48308117   1.15920744  -0.35477954
  -1.30855753   1.71004117   1.09228664
  -2.02292969  -0.06695739   0.52439282
  -2.57495404   0.42583476   1.01198345
  -1.78434837   3.27578058   0.82003221
  -1.07173016   0.73111658   1.74899130
  -1.36608387   1.16903375   2.67104955
  -3.65819197   1.98367118  -1.10413934
  -3.23892103   0.05701652   3.06318558
  -2.28034716   3.07040551   1.06358570
  -0.52141298   0.45356114   0.72049344
  -0.85412996   2.08384188   0.49891376
  -1.87423534   1.36089480   2.23277226
  -0.53536756  -0.48285971  -0.42662900
   0.01905797   2.15311919   0.30607427
  -0.86792872  -1.19886602   0.54325994
  -0.76759959   1.88735519   1.23613413
  -3.16775597  -0.51522463  -0.24846669
  -0.85745459   3.07526621   0.94921731
  -2.83851142   2.13502794   1.61597996
  -1.08145293   2.27710801   2.21314234
  -2.75063010  -0.44908173   2.54509049
  -0.77253544   2.33086433  -0.56023791
  -2.32110218  -0.24311374   1.00912760
   0.85024545   1.66350989   1.17106521
  -0.23225429   0.82251429   0.11033271
   0.64029913   0.63245793  -1.49732532
  -0.68862345  -1.20172439   0.50464991
   2.36077959  -0.16926358  -1.32546670
   0.49841466  -1.42944427   0.00305429
   0.25811053  -2.52513666  -0.01341599
   2.53791418  -0.63990499  -1.27377835
   0.57657507  -3.07318010  -2.08834684
   0.55429246  -1.05403873  -1.65284851
   1.37449727  -1.70993220  -1.68273647
   1.26499654  -1.81834920  -3.06627868
   0.73429395  -2.10405056  -0.65133303
   0.46716014  -2.40415175  -0.51842361
   1.93684655  -1.00535156  -1.27582119
   0.94370217  -0.61069465  -2.39385678
   0.83484182  -2.39037008  -1.30651305
   1.05417690  -0.57986720   0.12973480
   0.81430127  -2.64927020  -1.72125898
   0.12684264  -1.30910042  -2.16763336
   1.34678821  -1.83438613  -0.45429316
   0.83329114  -1.14811109  -1.62221579
   1.85261873  -0.89320984  -0.53978689
   1.62616401  -0.12793750  -2.53043370
   1.12545710  -0.62457294  -0.01998782
   1.74594491  -0.55126073  -0.05212171
  -0.05733616  -1.64248844  -0.54141856
   2.08402261  -0.22040996   0.08374809
   0.26794651  -1.99701374   0.09772650
   0.61540888  -1.37619982  -0.08380360
   1.66885343   1.26197148  -0.95909662
  -0.60168209  -3.25447505  -0.45187878
   0.82094982   0.19872310  -2.66084902
   1.73826154  -2.31776192   0.49499068
   2.28778820   0.25038198  -2.09494687
  -0.09923097  -2.28065049   0.09394117
   0.58611567  -1.27452196   0.08115980
   0.66382937   1.44813454  -0.27951593
  -1.35513688  -0.89182495  -0.59002192
   1.15230860  -0.31220937   0.34871138
   2.19156168  -0.47830151  -0.74600256
   1.47412412  -1.15173629  -2.11794257
   1.56719712  -1.90632367  -1.66749034
   2.37228077  -0.66821310  -0.10397099
   1.82237289  -0.94766234   0.11920075
   1.94837763  -1.79448536   0.99076679
   1.95210654  -0.63191247  -1.08776149
   2.25931158  -0.82974889  -2.45676626
   1.55865038  -1.26490299  -1.53001114
   2.96794341  -3.67879680   0.12154387
   3.40939801  -0.82300241  -1.88446155
   1.06912729  -0.49689515  -3.18135521
  -0.28294003  -1.97082099  -3.22228676
   1.50426975  -1.20694633  -0.97700442
   0.71071741  -0.81753196  -1.79868355
   1.83525294  -0.89637664  -2.57715887
   0.35786461  -3.27718075  -1.37615628
   0.80913120  -2.27556886  -3.23942420
   1.18857542  -1.04899001  -1.55310216
   1.83940921  -0.14261651  -1.46738464
   0.37739450  -2.05671496   0.18955551
   0.76195459  -0.95991021   1.54938522
   1.21758293   1.31518600  -0.09057764
  -1.20364590   1.84199631  -1.33069921
  -2.70797574  -0.39714937   1.09230005
  -2.01007678   1.09280429   1.56048397
  -1.04338376   0.82240605   2.33401545
  -3.54804642   1.51016823   0.46654313
  -0.08183137   2.17034255   1.30799809
  -0.30264001   0.16394632   2.29292146
  -0.95234885   0.44188001  -0.35007070
   0.34817490   0.37602622  -0.66322532
   0.62906997  -1.83462540   1.05738081
   0.43841037  -0.72586197  -2.22292058
   2.66072912  -0.30083105   0.46388538
   0.88771660  -2.51923843  -1.10901028
  -0.00136952  -1.90553991  -2.21856749
   0.93121004  -2.04964315  -1.95855600
   3.47459800  -1.74547913  -3.35839867
   0.02973198  -4.75198862  -2.86900498
   2.44546732  -0.90308357  -3.32117290
   1.23216726  -2.66657814   0.41010336
   1.85954477  -1.75161694   0.19332993
   2.75676115   0.15055340  -0.57452745
   0.43283141  -2.67255824  -0.52988546
   1.93136846   0.39064520  -1.21436244
  -1.06449922  -1.35877360  -0.27421705
   1.75821225   0.04706724   0.15676425
  -1.89786054  -2.46920306  -0.55874055
   1.37023424   0.60315676  -0.72986850
  -0.77318326  -1.97581489  -0.92773459
   1.07415922   0.32845931   0.54479125
   1.55820143   0.42364316   0.37333824
  -0.78401994  -1.74221425  -0.97816778
   1.21763179  -0.25169808  -0.12833371
   1.03368424   0.61824287  -1.01635066
  -1.05544234  -2.04211390   0.81192995
   1.13689649   0.16210688  -0.90057096
   2.12032618  -1.16899398   0.13827342
   1.87455181   0.73219287  -1.51498855
   0.82177937  -1.48229723   0.99486846
   0.82069449   0.23117898  -0.18747211
   1.57905144  -1.83206557   0.29823704
   0.66935104   0.61358176  -1.43528653
   0.37887796  -0.47135874  -0.42098109
   1.48098741  -1.43657132   1.03739475
   0.81013320  -3.00603198  -2.09350570
   1.49011723  -1.70352319  -4.17853371
   3.28594169  -1.83338909  -2.80879817
   3.19128623  -4.05640716  -2.67701636
   3.06312381  -3.88856957  -2.63294697
   2.65757634  -3.58122628  -2.08875670
   3.23786916  -1.18692033  -1.96920390
   1.47426292  -2.36426902  -3.64254202
   3.06614255  -2.53296522  -1.91424641
   2.04309105  -1.60181693  -4.61761079
   1.68059074  -3.29270474  -0.46917685
   3.27190106  -0.06039074  -0.61782919
   0.12523076  -2.14679606  -1.59898959
   0.38488225  -0.25503365  -1.96341443
   2.19582152  -1.92969161  -0.66892698
   1.12114025  -0.28309950  -2.32210325
   0.65474053  -1.52618751  -0.24414704
   2.16192284  -0.66018434   2.04114800
   1.16370628   0.05888696  -0.32828730
  -0.91268152  -0.98041983   1.07448665
   0.55611668   0.85726919  -0.37367621
  -1.43323702  -0.23524824   0.76591400
  -1.21112390   0.75596620   0.36671104
  -2.44231930   1.00692794   0.52111588
   0.32412583   4.99686253  -0.09114545
  -4.27192826  -0.41136654   5.13439521
  -1.08245938   5.14911429   1.44710766
  -3.05998372   0.78908040   4.41763695
  -2.61217735   3.98080271   1.59291620
  -4.37664900   1.46302836   2.62118812
  -2.27384656   4.66044042   1.82285038
  -2.12861195  -0.59905436   3.71616597
  -0.64613463   4.03236706   0.17092873
  -2.50907152  -0.24211141   1.87841512
  -0.54531666   2.21710750   0.87452398
  -2.13070740   0.84588690   1.86855272
  -0.29362603   2.04396469  -1.35145840
  -2.40162035  -0.97126938   0.51327675
  -0.66490807   1.68894825   0.10240829
   1.80187464  -1.69736431   1.17719206
   1.61726174  -0.66156802  -2.13899700
   0.73544802  -1.87884633   1.47735090
   0.01235526   2.51909597   0.07863158
  -0.34262011   0.07195159   2.10953215
  -0.95420155   0.21838921   1.01339612
  -1.58281786   1.76991007   2.65106668
  -3.44863569   2.29126554   1.81573048
  -1.53638859   4.30959813   0.37015564
  -1.62149576   3.47988859   4.23407596
  -3.42878375   2.89029854   2.46138427
  -2.74425735   1.08420615   1.62897610
  -1.67583716   2.59969381   1.20667258
  -1.92997439   0.27644758   2.08839590
  -2.28821151   2.57944132   1.67750360
  -4.05221648   2.02364941   2.81899762
  -2.80301030   4.54664751   1.73504594
  -4.78980296   0.53298487   2.64949900
  -0.40821273   2.65543924   2.64235898
  -1.60256384   1.37524842   1.70579179
  -2.16338339   0.38419552   2.03271344
  -0.03591742   3.68821620   0.68437768
  -3.13659827   0.70160600   0.55259191
  -1.89688532   3.02945000   1.69621789
  -3.32352861   1.78621551   3.34167863
  -0.76404092   3.71463013   1.24940568
  -2.34260457   0.58480788   2.91738562
  -2.46380263   2.68681184   1.73583045
  -2.73733531   2.02227162   1.97277158
  -1.85282096   1.41554992   0.07034010
  -0.11405662   1.65862652   1.63469301
  -1.62018938   0.41605954   1.12037329
  -0.41790994   1.64427140   1.84970389
  -0.53854207   2.56780011   1.44840022
  -1.98349150   2.22545469   0.42152091
  -0.50832621   0.73661091   2.26549296
  -1.42945374   2.73814541  -0.89431824
  -3.05904701   0.19625414   1.86035064
  -1.94783394   1.94029173   2.19980656
  -1.95879085   2.75725464   1.84220534
  -2.55194804   1.77747274   2.41016572
  -1.50358249   3.14943113   2.24298604
  -4.08001240   0.47213351   1.23660556
  -1.69043686   2.34283739   1.51483695
   0.92901359   0.93117255   0.19632699
   1.68384777   0.95192710  -3.65727560
   1.65563072  -3.96682153   1.75564102
   1.99443371  -0.22500137  -2.52802143
   2.27996845  -3.52067285  -0.88301999
   1.69681986  -1.85760777  -4.53661630
   2.79283386  -2.69625782  -1.83730174
   2.28801263  -2.78729155  -1.24117122
   3.62598223  -1.83949561  -0.29321439
   2.10002883  -2.54403291  -1.63799862
   2.37881307  -2.71994653  -1.43020459
   2.03368471  -2.64621286  -2.25175994
   2.58946662  -2.65430663  -1.59075860
   2.07185700  -2.89283420  -3.60102071
   4.08250011  -4.69093486  -2.69227717
   4.30661817  -1.44429492  -1.99350282
   0.89222270  -2.92618940  -1.20642683
   1.86055643  -0.76955319  -1.60617319
   0.24028833  -2.01275733  -1.13562012
   2.41394369  -0.72376542  -2.07432227
   2.81918230  -1.99442843  -1.71628016
   0.84850339  -1.07304892  -1.33805586
   0.33794657  -1.60656651  -0.62292886
   0.00501327   0.31216375  -2.93826507
   0.22410829  -1.12220817  -1.63296623
   1.03987618  -0.29788731  -0.27845432
  -0.58709197  -0.01224177  -2.53445584
   0.92197569  -1.30585425  -0.60798555
   1.47426821   1.61684653  -0.08256295
  -0.48731236  -1.42271447  -2.51448263
   1.39767425   0.17359111   0.80876831
   1.20810254   1.07353922   0.63592237
  -1.48859731  -0.29299642   0.28937650
   1.19171630  -0.20495275  -1.31107240
   1.27939982  -2.64231558  -0.84090327
   1.59157742  -0.51222677  -0.92820406
  -1.18844616   0.58178367  -1.67560719
   0.44777998  -1.08911082  -0.15789777
  -0.22169234   0.10763887  -0.92149504
   1.67751234   0.43484092  -1.45030459
  -0.45437811  -2.19053325  -1.78908147
   1.22635186  -1.42746824  -2.43057894
   2.03876469  -3.30648169  -0.13123070
   2.59818010  -0.75196254  -3.71295289
   2.82549532  -4.40186905   0.47208958
   1.39568259  -1.06227272  -3.18677628
   0.62565861  -2.34796784  -2.25224815
   0.01884462  -2.85468006  -2.01726549
   1.59583657  -1.09329457  -2.15459965
  -0.63129555  -5.21911867  -1.80743846
   3.47163147  -0.98101986  -0.69894321
  -0.25825179  -2.95613718  -0.75574540
   3.45947620  -0.07293413  -2.06926261
   0.37332702  -1.18136098  -0.33870047
   1.20945036  -2.26747982  -0.39408206
   2.65937353  -0.83028083  -1.68870669
  -0.24890117  -2.95348909  -1.12801620
   2.99283669  -1.72840015  -1.44952308
   3.21975723  -3.45788991  -0.93007243
   2.53660507  -1.38155060  -2.38489680
   3.23838579  -3.50080825  -0.47489178
   2.83366582  -0.55094591  -3.00188881
   2.10190172  -3.14773385   0.79900764
   2.87530595   0.43940827  -2.61075387
   1.62624833  -1.89234199   0.09409137
   1.45644100  -0.07204999  -0.67144242
   1.73800678  -1.02210190   0.29109176
   0.88392508  -0.14051766  -0.76050066
   1.28802522   0.12714756  -0.47115536
  -0.90760999  -2.43083464  -1.03531232
   1.57969973  -0.01482640  -1.55532313
   0.02717364  -5.34718433   0.76999886
   4.27542678  -0.27993441  -2.03793450
   2.65290620  -3.10784447  -1.45044016
   0.87683435  -1.55767053  -1.45189595
   0.83617334  -2.60990036  -2.43599921
   3.10116395  -3.64741765  -1.56838306
   1.55042307  -1.82033217  -5.11519922
   3.78275363  -0.86228389  -1.39070042
   2.17124672  -2.18384429  -2.79841248
   1.03159193  -3.70226084  -2.69490382
   1.92419448  -0.14207433  -2.55454634
   1.66557586  -2.02861901   0.37144736
   3.76043529   0.49795284  -2.02220681
   3.05944554  -4.75573324  -1.44121579
   2.53671644  -3.53433318  -3.73085204
   2.52755869  -3.29391277  -2.48109824
   3.14743881  -1.44946083  -2.97314621
   2.91379752  -3.80268570  -2.44883065
   3.05746790  -3.79704495  -3.56681634
   4.19803052  -3.85439389  -3.98970234
   4.27231914  -4.65231740  -2.64640733
   4.15563678  -2.69396155  -3.70172988
   1.48373368  -4.65630762  -3.33985156
   5.06656978  -1.93245745  -5.40990139
   3.46851783  -7.03921847  -3.38673549
   5.11337453  -4.48034457  -4.78146727
   2.74930450  -5.43545734  -4.59847919
   3.25049719  -2.40770114  -4.59019618
   3.76541116  -2.47726601  -1.82424680
   0.96738318  -2.69746732  -2.46359934
   1.63924051  -3.35300574  -1.26286787
   1.16467758  -2.18597479  -2.94010024
   2.18160352  -2.88877388  -4.03992531
   1.46278390  -4.10614660  -3.68172256
   2.77434587  -2.79189931  -1.91424946
   3.16580644  -2.53407923  -2.33268961
   4.40621139  -2.34276514  -1.11785468
   2.89231194  -1.38783067  -3.13841457
   2.51433248  -2.17242193  -2.18176954
   2.05239354  -1.61852561  -1.36539499
   3.47344612  -0.72158317  -0.64097744
  -0.02250490  -3.13125467  -1.89561002
   2.61077204  -1.58654823  -1.23378236
   0.80179469  -2.20857952  -0.62615093
   2.20343689  -0.31913947  -0.62971884
   0.27930438  -2.84428332  -0.15743468
   3.07896978  -0.62016158  -1.27237599
   0.92369872  -1.16749417  -1.72667590
  -0.67665400  -0.58632211  -1.56841724
  -0.92836920  -2.51396606  -0.97470322
   2.27757440   0.95272585  -0.79211906
   1.34441240  -1.23616741   0.47334713
   0.16721041   0.06725628  -0.38919057
  -1.02642866  -0.04562578   0.33866863
   1.13880853   2.53837178  -0.52205424
  -1.15102600  -0.00068114   1.09184054
   0.34316633   0.84257499   0.58914528
  -0.43988902  -0.70865839  -0.95964748
   0.73934448  -1.34074326  -0.25267894
   0.13806644  -1.46970611  -1.09007990
   0.30885619   1.01614135  -0.17579968
  -1.70905982   0.54537418   0.02689763
  -0.48517218   0.69462822   0.39963349
  -0.20224680   0.00021984  -0.97007876
  -0.90643027   0.36688746   0.21461746
  -1.41081757   1.18801699   1.02828941
  -0.69182691   0.24448841   0.92823355
  -2.13914352   1.00328646  -1.49529573
  -0.53896589   0.80060094   1.92589852
  -1.61885535   0.90890718   0.36945743
  -1.02146880   0.93959944   1.02078156
  -2.06394821   0.00542085   1.13125510
  -2.12044631   0.60453101   1.41456491
  -1.35542647   3.00880510   0.95879720
  -3.01056421   2.07596660   2.68802754
  -1.90693843   3.53231376   0.45069940
  -1.06826289   0.50865032   3.44702752
  -0.20030077   1.59978107   1.07124519
  -1.55930617   2.17558769   1.78307164
  -3.47816476   2.02630864   1.52453546
  -3.59193179   1.77809301  -0.57849118
  -2.78105831   3.34226878   1.82279201
  -2.24223879   2.96491843   3.99676153
  -3.09771145   3.39653008   0.68617912
  -3.32294009   3.88712600   1.89740433
  -2.65003994   0.93555071   4.04385617
  -1.69029066   4.30159484   0.47617413
  -3.42363130   1.24351127   2.63326425
  -2.00094950   2.14472391   1.55560808
  -0.27204315   3.36222197   1.92240295
  -1.64130524   1.29571460   1.89114730
  -0.88289996   2.35985059   2.50023161
  -2.63021521   3.14490738   1.05815337
  -3.25260399   1.97857914   2.34848161
  -3.91731930   2.74472315   1.59473442
  -3.57519378   1.04556352   4.07361957
  -4.19144269   3.94448086   1.56853937
  -2.30619545   1.23680074   2.70433900
   0.33552742   3.11336031   1.27216075
  -2.50508822  -0.03284203   2.79637440
  -1.00684367   3.87268479  -0.26598854
  -2.24779500  -0.08715261   2.07211514
  -1.51468739   1.84621242   1.98099706
   0.34843070   2.16774695   0.33174350
  -1.08042438  -0.14036277   1.80430067
  -0.56484091   1.29839444   0.73473832
   0.27725430   0.00534446   0.75321130
   1.83321529  -0.17802828  -1.07334533
   1.69386283  -2.77267183  -2.72600571
   1.76631402  -1.28078491  -2.34590319
   2.24908506  -3.33406330  -0.96660764
   4.75249976  -1.16845802  -1.71756466
   3.04505353  -3.50380087  -3.02563933
   4.62358830  -2.95138208  -3.28253633
   3.18199011  -2.36605943  -1.93859111
   3.36605920  -3.64319098  -0.47814334
   3.21621697  -2.45862028  -2.77417858
   3.11827605  -2.17072239  -0.00435842
  -0.25909630  -1.98466213  -1.55349778
   1.73456816  -1.40502716  -2.96502625
   0.73984513  -2.45959671  -2.66743191
   2.65651398  -1.38547397   0.96894859
   2.97459335  -0.15907721  -4.05171900
   1.38936499  -5.13148679  -0.07798446
   2.73469431  -0.65547055  -1.72557135
   2.17600885  -3.59046374  -2.75710935
   2.60983025  -1.64935358  -3.59165677
   2.57489643  -4.25486680  -2.52918711
   3.14566904  -3.25162343  -3.71278594
   3.69223386  -3.88113273  -3.24784172
   2.06938858  -3.68462493  -5.03056245
   3.11548588  -3.52769320  -2.88133905
   3.91805837  -4.57935816  -2.68080908
   3.62473672  -4.24052795  -4.29294610
   6.08096983  -2.41401503  -3.88298878
   2.87199093  -5.26461928  -4.50316090
   4.04704669  -2.89178107  -4.02434784
   4.18619587  -4.28128361  -3.12487709
   3.70802617  -2.14820801  -3.10971899
   2.42119615  -4.59554741  -2.65953187
   4.15068063  -2.90798349  -1.36011206
   2.56986221  -2.52290418  -3.90167458
   3.30095452  -3.62187495  -2.62310910
   3.74207505  -1.27042795  -4.07747239
   4.40308668  -2.43515121  -3.18004119
   3.12784233  -3.08623480  -1.36338733
   1.29388834  -1.50831621  -2.14230900
   2.78702263  -2.00591252  -0.39046741
   2.44919234  -2.02302077  -2.34125381
   2.56688856  -2.31794950  -2.23147781
   2.88239065  -3.28537659  -0.54239337
   2.89858172  -0.02352195  -2.51752921
   0.55614434  -3.45077245  -1.18269483
   1.36393238  -0.38116199  -1.46592260
   0.12364243  -0.41845776  -0.19364018
   0.26610545  -0.01326970  -1.75013056
   1.40341944  -3.17161809  -0.35834011
   1.37076431  -1.09857759  -2.14124418
   1.10635572  -2.27822851  -1.90604263
   3.08080482  -1.13299190  -1.40218563
   2.18071561  -3.27807248  -4.03148791
   2.42917895  -2.90117426  -1.81239211
   2.04654107  -2.97762649  -0.81451674
   2.22221360  -0.49777486  -2.79455598
   1.73683351  -2.10170791   0.53880285
   1.02263570  -1.03971431  -2.11087853
   1.38542868  -0.48550312  -0.61026652
  -0.63628559  -0.16279465   0.02873868
  -0.87210310  -0.35500238   1.86240500
  -0.81528784   1.14675010   0.56046718
  -0.22684869   0.45047229   0.67111791
  -1.09603773  -0.22711205  -0.07046566
  -0.88700069   2.15553897  -0.26647318
  -1.04413058   2.57942616   0.55434841
  -1.45046557  -1.61226241   0.15434514
   0.50994333   0.05756491   0.55445191
   0.58542923  -0.10067374   0.67270007
   0.35598212   1.51270105  -0.50058437
   0.10321068  -0.86676580   0.93646411
  -0.46397494   0.01485946   0.60351208
   0.64073155   0.16795052  -0.55528035
   2.00788129  -1.70539331   0.99232838
   1.10883758  -1.73231734  -1.82417615
   2.00553236  -2.47900030  -2.18158946
   1.96196650  -2.81947104  -1.13513553
   3.28609460  -1.58478526  -1.28927133
   0.57441135  -1.87630700  -3.01593304
   2.05561927  -0.63523021  -0.67099249
   0.33202253  -2.50565853   0.77024521
   2.94316264   1.12962469  -0.44437003
  -0.92379082  -2.46540263  -1.43647188
   1.30165061   0.68661990  -0.71356182
   0.54944630   0.02891919  -1.29969417
   0.69726448   0.17646690  -0.59275550
  -1.60551736  -0.03150101  -1.80775129
  -0.78263973   1.24897999   1.01096214
  -1.53659337   0.18556648   2.32932714
  -1.47257642   2.11946718   0.51248984
  -1.88457425  -0.21532305   1.54661947
  -0.97712747   2.38474893   0.82144941
  -2.83041123  -1.39712918   2.75437115
  -1.58707749   3.65012993   0.93628867
  -1.29436264   2.26915905   2.75265817
  -0.34278975   1.86948938   1.15142975
  -3.10199637  -0.12167939   1.65368454
  -0.05204812   3.02940554   1.53453084
  -1.87613139   0.92118653   0.56954522
  -1.68247005   2.03237266   1.25404131
  -0.84427131   1.44599545   0.62762201
  -1.61422280   1.06395115   0.56209445
  -0.79160240  -0.87244593  -0.15634242
   0.43877206  -0.04847266  -1.10340520
   2.49728076   1.00743677   2.09192092
   0.02500186  -1.97795427   1.11700454
  -0.48515223   1.12990880   0.34122858
  -0.42568107   0.78779108  -0.10082990
  -2.85199813  -0.27340187  -1.00399204
   0.08566729   0.25770508   1.33223671
   0.27038114   1.93884024   1.30397843
  -1.95259477   2.04529755   2.15196474
  -1.61682286   2.49408568   0.78074085
  -1.56902600   1.01319523   3.15901601
  -1.19385088   1.46427630   1.25653446
  -1.46063368   2.11766894   1.29543262
  -2.82834883   0.50797160   1.15032917
   0.48107980   1.31343653   0.77195543
  -2.29683694  -1.01744197  -0.22728888
   0.74898172   0.49005963   0.65298567
  -0.35790352   0.34763834  -0.35897728
  -0.40294745   0.77410000   0.86235926
   1.06803098   0.37094990   1.17892493
   0.27250399   0.78241249   0.90461205
  -0.80537826   0.20541174  -0.13175296
  -2.36557859   0.87300935  -0.56790450
   0.26664046  -0.82753426   1.65289736
  -0.58260136   1.73086221  -0.87481291
  -0.53349945   0.21259880   0.37028392
   1.60775495   2.60495621   1.20320133
   0.55878503   0.26729357   0.87487567
   0.21955681   0.70479487   0.39534314
  -3.33161978  -0.20901013   0.14518579
  -0.62180395   0.67841475  -0.19939647
  -0.32669436   1.67839419   0.07423504
  -0.60264979  -0.80510669   0.39874731
   1.61986930   0.37306670   1.37494109
   0.12670110   0.21256828  -0.94030861
  -0.03894975  -1.92606344  -1.33534182
   1.54962171  -1.61669159  -1.85408493
   1.09993205  -1.82488327  -2.20051267
   2.48437279  -1.57996958  -1.07339356
   2.67248725  -0.72599697  -1.42797294
   2.26754081  -2.94381744  -0.25130414
   2.29618519  -0.71996293  -1.18662396
   0.60768643  -2.84891828  -2.26250013
   1.95755865  -2.11786305  -2.33103466
   1.32347119  -1.47793820  -2.62032399
   2.60457330  -1.54933258  -2.15230470
   2.81693483  -3.85806574  -2.78009682
   5.08964756  -2.66100019  -2.21936587
   3.34104164  -3.86394812  -2.81511326
   3.83424258  -1.76662661  -2.59826611
   0.92910465  -3.99915210  -2.22179549
   3.69184169  -2.53433787  -3.32861033
   3.68421407  -3.09145382  -3.58275763
   3.24595495  -4.04223790  -0.88495006
   2.74756418  -1.13420131  -3.90342590
  -0.70725999  -4.58577613  -2.51364109
   4.89245643  -0.40290463  -2.89879057
   2.04177259  -2.84306485  -1.74353276
   2.51583667  -0.90292582  -0.14877252
   2.81323283  -0.87993397   0.48936774
  -0.12303460  -2.07114098  -0.37450148
   1.74358053   0.62280519  -1.97429390
   2.96782862  -1.93728669   0.08602950
   2.59970121  -1.87525839  -3.27633695
   0.90516635  -2.46289503  -2.95187805
   2.19413818  -3.64401920  -1.58660474
   2.19496973  -2.56683880  -0.18064175
   1.72994924   0.16712003  -1.09699916
   0.88288641  -0.54897789  -1.33113590
   0.35520328  -0.71213834  -0.38170617
   0.82308274  -0.14486933   0.09400807
  -0.45712970   0.69780711  -1.18162584
  -0.25645481   0.37938327   0.90742147
  -0.50345221   0.95840241  -0.16487250
  -0.31895663   0.59703170   1.40104356
   0.76682569  -0.44616240  -0.17635594
   0.12318811  -0.24734558  -1.21691136
  -0.05471365  -1.71952986  -0.68320687
   0.65886015  -1.96990337  -1.28161272
   1.66133720  -0.02448696  -1.12825082
   0.43026827  -0.76760773   0.27046625
   0.21002310   0.60359331   0.68756142
  -0.06246826  -0.03031368  -0.82173374
   0.54312853   0.04196303   0.24041986
   0.20023272   0.94787320  -0.43865847
  -2.04855529  -0.69021812   0.80813449
  -0.32070370   2.11853381   0.45593062
   0.28351931  -0.45270627   1.34447463
   0.46491957   1.27289124   1.73309937
  -0.53884482   1.27058675   1.29818063
  -1.66392563   1.34471502   1.66819053
  -2.98118360  -0.12551060   1.36910287
  -1.18936103   2.12578783  -1.02243935
  -1.26732734  -1.24107977   0.90044898
   0.20801979   1.35368554   1.26518580
  -0.09683239   0.35513288   0.94566882
  -0.32485449  -0.51423762   1.48659224
   0.08300388   1.46645883  -0.28759326
   0.34055169  -2.27975823  -0.05083857
   0.10597995   2.27258144   1.36201966
  -2.05011328  -0.58397413   2.20224656
  -0.01272693   2.06433179   1.71324470
  -1.38718828   0.68653709   1.00586616
   0.24356761   0.85846039   1.14602197
  -1.60207782   1.52367753   0.66000225
  -2.11193582   1.22858267   1.64698815
  -1.11430548   1.06942333   0.04059179
  -1.07176930   1.88602791   0.72813768
  -1.97614610   0.90847803   1.21127055
  -0.57591691   1.17166241   0.97961975
  -1.67633939  -0.75515664   0.94554199
   0.21762783   0.74777710   0.21093621
   0.63057961  -0.69117617   0.70769036
   1.41225538  -0.02255733   0.06573474
   2.53106137  -0.62989682   0.11955195
   0.05379705   0.42364631  -1.78317275
  -0.61101690   0.52567641  -0.18044012
   0.17071546  -0.37037083  -0.27486117
   0.34143807   1.47729998  -1.78130995
  -0.39522518   0.62615904  -0.11362794
  -0.03298058  -1.22303666   0.36165303
   0.19523887  -1.19371898  -1.11256881
   0.30913773   0.38386192  -1.42898216
  -0.98234923  -0.10821571  -0.07367967
  -0.26308586  -0.30322714  -0.37427294
   1.73110419   2.31758414   0.11858991
  -1.35441812  -1.07988668   1.27802225
  -0.97422654   2.26393744  -1.13077423
  -2.18222963   0.16676432   0.58224002
  -0.13358828   2.30209906  -0.01731398
  -2.13414574   0.98414962   1.78594327
   0.10135482   2.74728690   1.47842815
  -2.08058174   1.52593897   1.96172433
  -3.00514426   0.79957895   3.07047479
  -2.13639564   3.99626781   1.55303310
  -1.70688443   2.92867374   1.27879748
  -1.79995961   0.02751326   1.24354305
  -0.21540708   0.66683742   3.02846168
   2.67465905   1.32972110   1.83434585
   0.33692347   0.55231352  -0.97032587
  -0.35627329  -0.58094758   0.30079551
   0.74875011   1.37321707  -1.14284006
  -1.06614376  -0.66662863   1.18357672
  -1.65613348   0.30205230  -0.05178664
  -1.16718386  -0.45121130   0.47053114
  -0.11029788   2.67306171   1.65557484
  -2.37243423   0.94908237   4.64876499
  -3.13838206   3.30342041   1.72454894
  -2.71723609   3.94949792   4.87032196
  -4.35555433   3.01071175   3.38338778
  -2.41422800   3.44257778   3.81115283
  -5.45664614   6.47402826   2.33284888
  -4.86960979   4.56423227   6.25735855
  -4.71194313   4.95377616   3.40728789
  -1.76436873   5.00788304   6.07327664
  -5.14120514   3.49321415   4.58926215
  -2.98209790   4.15297341   2.97331875
  -4.41723463   2.37288684   2.16820796
  -4.53792543   2.84240463   1.94065244
  -4.63055513   1.84476758   4.55621676
  -3.28115411   5.70526670   2.95089945
  -3.81384814   2.67347527   3.94063656
  -2.54462754   4.09867752   3.04548985
  -4.12344348   0.96512783   4.07185232
  -1.41479117   5.73590347   2.48146157
  -4.08010116   2.45466434   3.83642423
  -1.51301887   3.89810875   3.73396446
  -3.09014039   0.72073414   2.47608792
   0.06601334   0.79837740   3.25964939
   0.78643662   2.31218247  -1.63495803
  -1.94180389  -0.53708325   0.81392360
  -1.15805456   2.05410762  -0.90803030
  -2.73531797  -0.50744400   1.87483008
  -1.26765121   1.44153220   0.99641145
  -0.48548760   1.38557473  -0.13565641
   0.06957140  -0.11821074   1.30952892
  -0.89409954   0.31183443  -0.94229586
   0.54709717   1.05831080   0.72753552
   0.34354713   1.51658432   1.27384183
  -2.65240988   0.69836016   0.52272316
  -1.44566631   1.62575917   1.03037059
  -1.48988343   0.85213923   1.83857651
  -2.03018864   2.24362857   0.11246872
  -2.35987954  -0.97583097   0.85417804
  -0.66794961   2.31150876  -2.70143126
  -2.22562136  -0.81060924  -0.49800729
  -0.53224000  -0.11279150   1.27167159
  -0.27063419  -1.37315431  -0.16993675
   0.08051928   0.79849602   0.25839317
  -1.90393747   0.29076667   0.92327826
  -1.41580334  -0.79675419   0.38810686
   0.43898119  -0.25836499  -1.23556019
   1.25628831   0.20257932  -1.48080194
   0.96558802  -0.75672971  -0.83863254
   1.77078271  -0.07017278   0.48090422
  -0.65394770  -0.47328911   0.86458726
  -0.01299963   2.44213156   0.68249646
  -1.42273434   1.39680630  -1.47040278
  -0.20962003   0.26923533   2.68341827
  -0.70193175  -0.80271646   0.34782446
  -0.91334368  -0.37609522  -0.30346629
   0.44898425   2.42874808  -0.53453977
   1.18008268  -0.84102464   3.44004196
   1.51108715   2.84534162   0.01930670
  -0.84255641  -0.12751817   0.12624428
  -1.38970001   0.33120732  -0.29460277
  -0.11353294   2.30579150   0.44757687
   0.47669965  -0.31659848  -0.57863091
   0.25423724  -0.24270851   0.14696663
   0.25860028  -1.45292947  -1.00533738
   1.56957906  -0.65673024   0.18937243
   0.66667674  -0.42450719  -1.63340371
   0.32685404  -0.58615751  -0.94706080
  -0.70919911  -1.77951573  -0.08563395
   1.34222193   0.29859429   0.18855462
  -0.43252223  -1.19778614  -0.41317528
   1.64052151  -1.02803865   0.14154559
   0.40033211   0.79217006  -0.18825684
   1.85482953  -1.98135238  -0.92275998
   1.05804967   0.30830235   0.39502592
  -0.94012122   0.98407748  -1.13560014
  -1.17295104   1.82271750  -0.02355153
   0.01547999  -0.25850476   0.26711117
   0.69948516   0.27068929  -0.23430228
   0.49483493  -0.75628974   0.35412920
  -0.69467587   0.53730104  -2.75911779
   0.51816328  -0.81816060   1.35774253
  -0.23489767   0.50566626   0.23247415
  -0.68992153  -0.33262315   1.07289524
  -0.13700681   1.36031387   0.73963703
  -0.03369915  -0.19670185   0.82317071
  -0.27438475   0.65116288   0.71637964
   0.08576942  -1.08614500  -0.23201885
   2.32913244  -0.01203730  -0.43825472
   1.33851936  -1.62332695   0.57703110
   1.04258718   1.55589816  -1.31348596
  -0.78680021  -1.50259599   1.22200396
  -0.83676938   1.26136237  -1.08085050
  -1.10669935   0.21733126   1.37191966
  -0.23057399   0.12031565   1.49433065
  -0.67403432   1.30062134  -0.09080514
  -1.27313163   0.84269039   0.60569145
  -1.48425688   1.34948934   1.70363410
  -1.46149086   2.90968618   1.65386940
  -0.82801698   2.24188890   1.49707135
  -2.67451665   1.57760981   0.86777194
  -2.07623428   3.70319542   1.86654250
  -2.81172006   4.48650646   1.66321100
  -2.80653813   3.84929356   3.08446703
  -1.32120104   4.36249911   3.07343591
  -3.48591636   3.27170063   3.38801057
  -4.04543794   4.82103489   2.63652365
  -4.31888496   3.57223765   3.19024822
  -1.97595233   3.53450386   3.04064520
  -2.80023516   1.88478909   1.31875845
  -3.05812767   3.22609883   1.41752786
  -2.05449431   3.60454734   0.98236296
  -1.20227948   0.11146792   4.77028681
  -0.88411889   3.40237372   1.08835377
  -1.53710317   2.41963555   2.30870826
  -2.87504604   2.41509878   2.24896540
  -3.33916861   1.11958167   0.94649115
  -2.10740265   2.66333942   1.25576311
  -2.78940231   1.17821338   1.51753563
  -0.71474615   2.13739962   1.45184508
  -1.37486099   1.38396285   1.20472314
  -1.47784783   1.49789346   2.51152640
  -1.28663676   2.33071116   0.91035496
  -0.94865984   0.50746263   0.66432862
  -0.78264704   0.34798905   2.23616003
  -1.52149224   2.58438310   2.90078401
  -1.97189081   0.35038456   3.20567850
  -0.84669877   2.31709521   1.86707222
  -1.63745746   1.66882188   1.38646171
  -2.65772559   3.36825815   1.55773830
  -1.66078445   1.62542764   1.88230619
  -0.95492415   2.02220651   0.19560535
  -1.57523168   0.56462313   1.53372903
  -0.36561755   1.92457836   0.22019512
  -2.82145875   1.10480477   1.84772931
  -2.52939771   3.09865278   1.69212241
  -2.66810749   3.39138353   1.83264646
  -4.48050115   1.89996816   1.65500023
  -2.00593564   3.87493496   3.25892491
  -4.67056119   3.01354088   1.96625530
  -3.30723495   4.21154889   1.88590394
  -4.57364730   1.09358866   2.85204042
  -1.98291793   4.15108909   3.19904526
  -2.56819031   1.87167580   3.12999814
  -2.91580873   1.79337686   0.72447089
  -3.13275899   3.38441342  -0.51975197
  -0.96668422   1.84837997   2.12672048
  -0.81773044   0.65937998   1.13219603
  -1.98473258   0.93903039   1.96615552
  -0.25244277   0.47479197   0.87764142
  -0.69482684   0.73427738  -0.56211417
  -1.21138431   0.56928455   0.38136445
   0.64102411  -0.48366705   2.12156928
   0.39566400   0.40705823   0.27086103
  -0.82729338   1.36625904   1.12686208
  -1.02390639  -1.36461285   1.11415885
   0.83943995   0.16295203  -1.06141488
  -0.46946814  -0.26406766  -0.25008251
   0.08548111   0.32436202  -0.74795327
  -0.38689682  -1.53967536  -1.76575252
   2.18419423  -0.59702325   0.20617924
  -0.45516616  -1.46114620  -0.13409659
   1.08510080  -0.13523801   0.41888049
   1.86687587  -0.07957775  -1.40874109
   0.72989116  -1.53653296   1.12396764
   0.35985015  -1.07602758   0.39895632
  -0.73579090   0.45505798   0.26805297
   0.60262307   0.76719109  -0.37149587
  -1.19339630  -0.61859565  -1.14703113
   0.87756674  -1.56917912  -1.41567063
   3.11213388  -0.95347406  -1.74081981
   1.30826526  -1.32247116  -2.50133030
   2.43687137  -3.66678053  -0.06684941
   0.80987496   0.27213801  -4.33564624
   0.34760676  -4.21756853   1.02933470
   2.02610695   0.02125431  -2.10626635
   2.12850075  -1.52627090  -0.34293850
  -0.39153167  -1.36520058  -0.53901974
   0.72960101  -0.82017472  -0.70395541
   1.12297980  -1.72257121  -2.65130312
   3.90611360   0.20512711  -0.84425794
   0.23331222  -1.28775572  -0.27297543
   1.41789923  -0.12688727  -0.87955174
   1.68632874   0.18889626  -1.82452907
   2.09275603  -0.92105345  -0.77492779
   1.24288587  -2.46369035  -1.33784159
   1.71305121  -2.44971070  -1.18209971
   1.98922019  -0.41436902  -2.06359989
   0.57376378  -4.25089979  -0.27742052
   3.61848445  -1.16004144  -1.29748019
   2.89412319  -3.83217806  -4.23475690
   3.88048723  -1.96300644  -3.95626893
   3.66565331  -2.49536313  -1.88053111
   1.98266938  -2.46528780  -2.86326372
   2.60124434  -3.49694262  -1.16821632
   2.44689153  -1.13586898  -2.21191933
   1.68324332  -2.14111016  -2.53071000
   2.22226055  -3.15150795  -2.49289909
   4.22856650  -1.19161190  -2.30322907
   3.23178951  -1.81098251  -2.20444585
   0.60229639  -2.57322490  -3.13073358
   1.56332984  -0.23951966  -0.97905920
   0.73141944  -1.02660894   0.26857407
   0.20616284  -1.16661232  -1.33150639
   0.36205005  -0.31158808   1.52498120
   1.76931983   2.33361854   1.33942973
  -1.73523086  -0.06370314   0.56143741
   0.23552078   1.30229593   0.56731464
  -0.82433759  -1.06370141   0.37020481
   1.30085852   1.93082721   0.07344530
  -1.12928378  -1.03428382   0.25099931
  -1.46965320   0.76052486  -0.48743834
  -1.30216313   0.27735740   0.04440489
  -0.20684187  -0.16517411  -0.62102920
  -0.15415855   0.12373706  -0.44258976
   0.95329632  -3.32681512   0.36007661
   1.96642293  -1.16157857  -1.47765802
   2.32758952  -2.05912895  -1.86207882
   3.04272912  -2.62986895  -3.04781654
   2.96992904  -1.90982482  -2.46138079
   0.52099115  -2.44374149  -0.56437642
   1.63221190  -1.07500676  -0.44754626
   1.38690823  -2.13215999  -3.48159110
   2.06417144  -0.44081836  -3.33716359
   2.05922663  -3.01328319  -0.85871216
   2.61864611  -1.18400848  -2.88579702
   0.61640119  -3.91423212  -1.83627915
   2.03708451  -2.71659836  -2.51679008
   2.89361053  -2.10865041  -1.80698497
   3.12653293  -2.81767374  -0.86610328
   0.31382221  -2.19479865  -3.35637094
   3.00781300  -2.70613477  -0.15264213
   1.99416832  -1.69158698  -1.50260793
   1.33825021  -1.70074629  -0.88676212
   1.74537045  -0.82780421   0.00600097
   0.05490269  -1.70337559   1.04938813
  -2.07364190   0.51387461  -0.33284656
  -0.87327709   1.93142035   0.49479237
  -0.78615351   1.02596518   1.07204254
  -0.64955262   2.24376496  -0.48951851
  -0.53200534   0.06256507   1.73085342
  -0.47770672   0.51030744  -0.65702932
  -1.61925292   0.76539399   0.85286799
  -1.47111695   2.91314574   0.32655977
  -2.78180821   1.32597093   1.40217212
  -1.96907075   1.34976896   0.50056070
  -2.36340132   1.13401499   1.42641197
  -0.65213459   1.98181797   1.30056579
  -1.00485331  -0.84605154   1.10876999
   0.33963971   0.98762457  -0.33024640
  -0.90047843  -0.37451706   0.49477925
   0.33081957  -1.28189173  -0.80555935
   0.64716278  -0.82568571  -2.08730621
   0.92365876  -2.05700955  -0.73033142
   1.48279304  -0.62958553  -2.31240196
   0.71390534  -2.69327751  -2.70959253
   1.62541729  -1.39218148  -1.99392146
   0.06884087  -1.30697112  -1.68327324
   0.17345643   0.00541749  -1.13984908
   0.05812580   0.97967734  -0.13614586
   1.38669024   0.58657396   1.71454765
  -2.31781908  -0.13265688   0.27305903
   0.08660512   0.89312805   1.91264445
  -1.17528060   0.01768696   1.84899163
  -0.75443550   1.54628559   1.46531477
  -2.89148170   0.90873524   0.60042790
  -2.09040232   1.62090870   0.36292568
  -2.28028520   2.44764009   1.56816331
  -2.73755832   0.48969797   2.79986937
   0.02950585   3.03807085   0.21921987
  -2.09710754  -1.60036626   1.66095927
  -0.33349929   0.30045602  -0.18139739
   0.81334949   0.05296771  -0.19753568
  -0.20650523  -0.16637126  -0.06875212
   1.02381674   0.32041883   3.38331291
  -0.71963008   1.14433461   0.34692997
  -0.52199704   1.04352593   1.38249790
  -1.72828697   0.03036521  -1.42663979
   0.70378583   0.28829310  -1.52847896
   1.27240573  -0.85627986  -0.12176988
  -0.05151283  -0.71844047  -1.17007124
  -0.27436358  -0.80249322  -0.45691064
   0.04730403  -1.01165029  -0.86533630
   0.63662604   1.81595977  -2.40340116
  -1.03224695  -1.41979793  -0.08235915
   0.98438341  -0.28896761   0.28994730
  -1.58566454  -0.52381150   1.64345155
   0.09341842   2.41902572   2.00798490
  -1.59178117   0.42759559   1.03498646
  -0.43350510   3.61659714   0.47344633
  -1.70198873   1.16929497   1.93254618
   0.06360774   0.95854936   2.67609336
  -0.58837806   0.24748535   0.59643530
  -0.28070270   2.32234762   1.77644202
  -0.85923259   2.70656820   2.27377768
  -1.12606430   1.19672410   1.84215486
  -1.19238449   0.98578454   0.70848028
  -0.31052183   0.20151499  -0.45261147
   0.65953698  -0.62095149  -0.28730873
   0.76329495  -1.51557245  -1.21661805
   0.55856081   0.54399845   0.24175300
  -1.74737133   1.16659991  -0.23388434
  -0.69340767   0.13673796   0.79857971
   1.16006491   0.71294235   0.57178257
   0.59441700  -0.83428355   0.93283111
  -1.20653321   1.68288314  -0.26693644
  -1.39608563   1.69807685  -0.80381489
  -1.26940091  -0.06827819   1.88881142
  -0.62153372   0.72974729   1.18230497
   0.67800835   2.82851479   1.28449586
  -3.55238338  -0.41333797   1.23693265
  -0.66382695   2.42438425  -0.25835988
   0.08553184  -0.00427918   0.84620818
   0.89600884  -0.28260382   0.44470700
  -0.54355071   0.87617373  -1.74478798
  -1.93311400   0.12486334   0.50357760
  -0.86816392   1.31678744   0.32999146
   0.74403665   1.43103855   0.55571318
   0.92310011   0.06563927  -0.62120494
  -0.23449926  -1.54806369  -1.41256160
   1.18210680  -1.18009808  -0.15814520
   2.91392621   1.18849928   0.06523266
   1.92539651  -2.09530640  -1.29807720
   2.81306262  -0.58979643  -1.91347816
   1.56296701  -2.86216944  -1.91245442
   1.73373755  -0.14542408  -1.33687163
   1.04433113  -1.96050084  -1.26267484
   0.37497564  -1.06567630  -2.20049130
   1.52974920  -2.44810579  -0.95371181
   0.37549272  -1.02341076  -2.34962343
   0.09909029  -0.10929017   0.09623403
   0.52757993   0.40624651   0.59557815
  -1.27882906  -1.28247592   1.88704517
  -1.58250833   1.50390313   0.63049339
  -2.25526923   0.07765068   0.62213058
  -0.07887375   0.80509076   0.38832996
  -1.39938075  -0.40413258  -0.05757856
  -0.99752372  -1.09614743  -0.35589794
  -1.67065677  -0.02605937  -0.73202415
   0.70900540   0.09927154  -0.48932983
  -0.13229100  -1.66875052   0.46520135
   1.28668571  -0.36208185  -2.46217713
   0.42165154  -0.92036736  -1.09519981
   1.49218545   0.43869474   1.60963297
   0.38859020  -0.40594141  -0.07107079
   0.49707645   0.56661889   1.65736599
  -0.64649884   0.24510573  -0.05786890
  -0.90201399   0.21403025   0.49200301
  -3.18827126   0.78186421  -2.55011265
  -0.23157537   0.95500744   0.96317604
  -0.61389857  -1.39099761   0.19032915
  -1.86320389  -0.14283394  -1.67849095
  -0.36475897   0.76950087  -1.41136687
  -0.00414216   0.11237727   0.00751987
  -1.67423643  -0.97372925  -0.25132118
   0.31320711   2.09218849  -0.33264383
  -0.42921973  -0.77430515   1.32420558
   0.88059609   3.29430756   0.03605335
  -2.62840957   0.08700713   1.16718627
  -0.37326346   2.34160566   0.14556198
   0.77440678   0.65470183   0.51625267
  -0.47021463   0.27259833   0.06109752
  -1.83441498   1.03647333  -0.21778789
  -2.40423611  -1.04697584   0.12993125
   1.05826366   1.02742518   1.42962666
  -0.66095027   0.41319206  -0.69625470
  -0.15578540  -1.11193818   2.35434690
   0.76324592   1.52734982  -1.55755606
   1.38347708  -2.69264757  -0.53556429
   2.38079112  -0.19708476  -1.64215736
   0.67590144  -1.55427103  -0.50562101
  -1.17665653  -0.61545002   0.30651003
   1.66792008   0.83774417   0.23435356
   1.53410698  -2.13770785   2.27195369
   0.72889304   0.80950917  -1.98579119
   0.67800209  -0.93507999  -1.00566921
   0.98498660  -2.28620523  -0.47201461
   2.82434744  -1.28386877  -0.80902057
   2.65164195  -1.20356645  -2.69628216
   2.57353420  -2.34499684  -1.20259785
   2.67847651   0.05821594  -4.23911298
   0.60525386  -3.25422109  -3.05690733
   3.22377694  -1.16797031  -0.63317177
   0.44597958  -1.35949258  -2.06723829
   0.65955145  -1.29740529  -2.09874870
   2.74836760  -0.51695554   0.56358476
   2.00701646  -1.73425272   0.07977057
   1.86435166  -1.35606319  -1.55647593
   1.80606768  -2.24449468  -1.11014554
   0.57325622  -2.59824969  -1.06382963
   1.30620592  -0.32254566  -2.63703073
   1.70561284  -3.46944274  -0.39967469
   0.81486256  -0.75913694  -1.75278297
   2.06901268  -2.76827900  -1.92399146
   4.00089432  -2.99465218  -3.12037356
   5.30710977  -5.68589967  -2.24023755
   4.91760285  -4.19827091  -6.31364705
   5.34615675  -6.21569841  -5.22698271
   4.51273786  -6.66704739  -5.93470289
   8.56099579  -5.40628022  -4.71139060
   6.73217613  -6.82649772  -6.22939643
   5.96886479  -6.55632968  -6.80229763
   5.46558015  -5.80803070  -5.29070269
   5.37046155  -6.07333182  -5.67726113
   5.63826435  -2.61176459  -4.70826751
   3.94189894  -4.78686368  -4.62337626
   5.30596991  -3.32681734  -2.92726631
   4.39529932  -4.08531668  -1.46522022
   2.56945057  -3.02429627  -3.68747767
   1.59384667  -2.11831317  -3.13201517
   1.76970646  -1.63083974  -1.12124861
  -0.51551481  -2.85977952  -2.57198409
   0.18113772  -1.05913545  -1.00133065
  -0.34757373  -2.60148768  -0.70355661
   1.04745627   0.31059798  -0.01596392
  -1.02428282  -0.83610341  -1.32393636
   1.23807188  -0.73970788  -0.55056451
   2.90422489  -1.28444582  -1.60608288
   2.98593935  -1.45582892  -2.91433562
   2.88039335  -2.64170611  -1.46471196
   2.02360872  -1.47923932  -1.44206192
   1.67173138  -3.08627905  -0.65307107
   3.02759207   0.31746721  -2.40396090
   2.26304611  -1.33758543  -0.51555252
   2.40728471  -1.11748892  -1.66321809
   1.73203016  -1.67271770  -1.20848056
   3.75349032  -1.53126494  -2.15481802
   2.79018061  -4.21980674  -2.38001900
   4.19511378  -2.05343609  -3.12757772
   1.27696297  -5.57456801  -2.40267143
   3.95181175  -1.30243403  -3.62981027
   2.22337780  -6.22953641  -2.10140011
   4.40144998  -1.61125700  -5.30658499
   3.82514239  -3.41659029  -2.96933925
   2.55294964  -2.77239750  -2.51639208
   2.00992548  -3.58885462   0.40650626
   2.28111008  -0.47060854  -1.00185473
   3.00345444  -0.53120099  -1.46245824
   0.59561221  -1.38633750  -1.80701940
   0.56749079  -1.82814586  -1.48006244
   2.02448079  -1.31387990  -1.84108154
   1.36519021  -0.17210029  -0.63702765
   1.69120573  -1.80358349  -0.42669949
   1.30193109  -1.43093274  -1.27610467
   2.14008764  -2.18336190  -3.11616026
   3.31052185  -2.24499065  -0.57791640
   2.53334450  -0.43490649  -2.30031118
   0.88406639  -0.06696569  -1.22359605
   0.93254352   1.48161691  -0.23963553
  -1.62177978  -0.59816035  -0.00898397
  -1.38867852   3.44056286  -0.98471578
  -2.78230272   0.04382180   3.02782235
  -2.64255481   3.34356934  -0.69733498
  -0.47193612   1.81667708   1.76779086
  -2.31511328   1.03864639  -0.11008756
  -0.95625036   1.26053716   1.31251902
  -1.53997429   1.75363321   1.57485362
  -1.93584546   0.77253959  -0.19701305
  -1.16737822  -0.73629276   3.27598171
  -2.33995098   2.05260650   1.26234880
  -2.00366247   1.00197833   0.84592980
  -1.80904012   0.86722553   1.44508811
  -2.56021413   2.18292978   1.10322571
  -1.87209930   1.26461955  -0.16169222
  -0.50420231   2.15209414   1.63859202
  -3.71859162   2.60797392   0.98692458
  -1.43732344   2.65496977   1.65656351
  -1.25564242  -0.34177687   0.57245794
  -0.83552879   0.21255692  -0.37088118
  -0.38518886  -0.29905444   0.37493117
  -1.97280865   0.76370332  -0.30087005
   0.42634105  -0.33349273  -1.16936876
  -1.11430455  -2.20338003  -0.09605508
   1.19584414   2.00603570  -0.77849037
   0.98581351  -1.97937944   1.19775229
   1.28111098   0.90433764  -2.24674436
   1.56931929  -1.17258933   0.09227201
   0.63733890  -1.55892222  -2.23470054
   2.84553392  -1.12748384  -2.06006791
   1.35088608  -2.28442586  -1.52044714
   0.88614951  -2.54055325  -2.54289126
   3.33435115  -3.40065158  -1.72240471
   2.49491107  -3.52698869  -3.88582216
   3.11313658  -3.34647590  -3.35416846
   2.43083246  -2.66220965  -1.57527207
   1.03053384  -1.59045030  -1.98700659
   2.16628151  -1.33475655  -2.63084309
   2.65978970  -1.83822905  -1.48613971
   2.66566416  -2.59429904  -2.79634695
   3.22053435  -2.42667253  -3.46601695
   2.75207897  -3.07721821  -3.32106728
   1.21222490  -3.64382296  -0.67937247
   3.40570677  -2.75386399  -1.69012798
   3.04086736  -4.06287195  -1.69932213
   3.71396669  -3.27985902  -3.23378986
   3.56625056  -3.44336492  -3.68703936
   3.62534044  -3.53950782  -3.46394488
   2.50116328  -3.63652099  -1.92367334
   1.52406469  -0.44524370  -4.68258532
   1.79808929  -2.38290696  -2.40209178
   2.93495977  -1.81723696  -1.63586754
   0.04948579  -4.27779284  -2.17308068
   2.25941554   0.32375898  -4.78656301
   2.34111082  -3.18695639  -0.01545189
   1.35533367   0.53429651  -2.44948133
   1.26500347  -0.83829835  -2.06141094
   1.80200154  -0.93066190   0.38777386
  -0.61446984  -2.71095279  -0.90823618
   2.84524005  -1.09644234  -1.86119448
  -0.46314412  -2.75989147  -0.16956740
   2.41754496  -0.92260514   1.17517319
   0.59613556   0.88714771  -2.03304987
  -0.38968302  -0.56956210  -0.02343795
   0.08947517   1.91916702  -0.97108417
  -1.84125279  -0.51054040   1.74801291
   1.48501043   0.44326551   1.25416888
   0.25365866   0.26212222  -0.91470384
  -0.74493520  -0.52959666  -1.41225012
  -0.71870326  -0.91705396  -1.14977211
   0.17402917  -3.17650922  -0.36198831
   3.87046757  -0.72451344  -0.64737410
   1.85777117  -3.36775890  -1.63191157
   2.61245115  -1.28341545  -2.75753245
   1.36119503  -2.27399185  -2.04736246
   3.30412619  -0.62911901  -1.21532135
   1.94685171  -2.51799931  -0.02204999
   3.13404342  -0.28285197  -2.04387935
   1.85936431  -2.63979045  -2.07141049
   2.39655423  -2.49212588  -2.66245352
   3.00358091  -2.79337914  -2.61179673
   0.64731229  -3.55619260  -0.99078800
   2.23591268   0.67124678  -2.11530827
   0.90165599  -3.13518805  -0.81451486
   1.61007874  -1.78305283  -0.37353358
   2.54151799  -0.79609418  -1.00717942
   0.66055250  -0.58216745  -1.48090658
   1.63958560   0.09607216  -0.03655455
  -0.88588970  -1.63452098  -0.06686977
   0.97750587   1.44251524  -1.47983014
  -1.05102177  -2.23959093   0.51149932
  -1.17096123   1.65819073  -2.87923166
  -1.18129406  -0.67745316   0.95367209
  -0.89921988   1.66871684  -1.85224878
  -0.82123640   0.24653939   2.17738081
  -1.66304802   1.72615044   0.02722310
  -1.46316670  -1.05535598   0.57299752
  -1.39141882   2.34431468  -1.47622983
  -1.39453358  -1.87530182   0.91951530
  -0.53666412   0.91819613   0.98211189
  -0.41683974  -0.13999843   0.91232533
  -0.97119128   1.09588823   0.32216180
  -1.56778027  -0.60687329   1.35633750
   0.36111670   3.82532370  -0.48810824
  -1.13818613  -1.08861247   1.89383533
   0.19042327  -0.35096172  -0.26780731
  -0.16501483  -0.06211864  -0.74039476
  -0.03570286  -1.88884182   0.10537883
   0.01475943   0.23422345  -1.63102375
   0.49644537  -1.33998110  -0.66554901
   1.00111249  -0.87606996  -2.58602712
   2.03002639  -1.29556476  -1.54816579
   0.72327711  -0.56756930  -1.91269058
   1.24686955  -1.06299276   0.17803720
   1.42767713  -0.82404336  -0.40449728
   1.82685724  -1.72711756  -1.31303059
   1.51697160  -2.90075884  -2.75298117
   3.48225432  -0.79252622  -2.28972411
   3.19665007  -2.22432455  -2.16250886
   0.94532110  -2.52809300  -2.18513403
   3.04388604  -1.50529471  -1.75736572
   1.02218726  -1.53506320  -2.52547015
   2.59913028  -2.03449949  -2.99729100
   2.61428469  -1.40407397  -1.59649159
   0.24787268  -3.93810708  -0.95298689
   3.23475987   0.70007631  -3.00544112
   0.84680926  -4.88178847  -1.31323100
   1.57559942  -2.03775687  -3.86367822
   1.61924013  -2.58345905  -2.01032555
   1.26069666  -2.49078079  -0.41101610
   1.28701418  -1.41757470  -1.32935328
   0.07902833  -1.19425263  -1.15625708
  -0.04700261  -0.27782044  -2.60510295
   0.25069750  -2.03207822  -0.72832889
   2.18234678   0.59672367  -3.19364319
   1.56865573  -1.61513997  -0.95894861
  -1.10421128  -0.24561302  -2.29482356
   1.17642238   0.31914449   0.60095871
   0.22525221  -1.59312101  -1.06499360
   3.45147808  -1.06371205   0.50757391
   1.26250350  -0.15876917  -1.82676189
   0.47983269  -1.89713717  -0.19359825
   0.02717105   1.08831056  -1.10340320
  -0.36837260  -1.46092329   0.55186923
   2.20911676   0.52282205  -1.30189821
   0.21543932  -3.26273442  -0.26938084
   2.20843309   0.57909214  -3.15875997
   1.12735850  -2.15896677  -0.87108550
   1.16715372  -0.11765123  -2.32302297
   1.30589959  -2.64174794  -0.64554269
   0.95863217   0.81170487  -3.47587763
  -0.03378337  -1.83507050  -0.71360891
   0.60968498   0.20528273  -3.08945584
   0.31350548  -1.26481788  -0.45428601
   0.74998985   0.92149737   1.76040193
   0.38002535   1.33593749   0.66453871
  -0.83662839  -1.14217438   1.82347942
   0.21527619   0.35324344  -1.06839077
  -0.77238469  -1.08149983  -1.00471130
   0.74816499   0.49629300   0.14148698
   0.22971507   0.12455593   0.36785089
  -2.11426950  -0.42117095  -0.48558828
   0.75363974   0.60504106  -0.03802511
  -0.32506061  -0.57735762   0.57817715
   0.50645466   1.66134674  -0.31866823
  -0.97202510   1.01118318   1.05393834
  -2.05968727   3.30894250   2.76059655
  -4.11348051   0.96282510   2.42724173
  -2.78361116   2.15610515   2.81235476
  -3.77143260   0.41967714   2.70397010
  -1.54448851   2.18816568   2.69182249
  -4.10929856   2.79456593   1.03965357
  -2.91660205   4.03080065   1.76840857
  -3.22384469   1.22743295   3.79451761
  -2.45144286   4.17817207   0.97866113
  -4.20248875   1.78586783   3.16717001
  -2.56224233   1.92161818   3.63545778
  -2.52222110   4.90196708   1.04662745
  -3.53843545   2.57006703   1.83551174
  -1.79105030   3.28955243   2.03563901
  -3.17858021   2.71839040   2.22560770
  -4.64142517   4.08045491   2.69572613
  -4.58675953   4.24325635   3.32475568
  -3.59449053   4.58676595   3.26995161
  -4.07048946   4.02621311   3.13895872
  -3.90057183   4.42029105   3.91282639
  -3.08777700   4.77127114   2.93884305
  -3.32585501   2.63751131   4.86541245
  -4.85190284   3.94644523   3.55207723
  -3.24377346   4.46340210   4.10936153
  -5.63300680   1.66620846   2.38234581
  -3.16398518   2.66905123   3.57364832
  -3.14322685   5.04926923   1.69983326
  -5.78038624   2.58999518   2.95521339
  -2.85667775   4.34376893   2.37852015
  -4.11582840   2.89352230   3.55299049
  -2.24059982   2.95806907   1.95063015
  -4.39956590   1.40838499   3.36176668
  -3.58987927   4.82203697   2.20389815
  -2.59596448   3.07619553   2.58542940
  -3.96529047   1.62891880   3.03787485
  -2.20487776   5.24679033   3.39425760
  -3.41807894   2.50387255   3.17072541
  -5.49288820   2.73121648   4.19362297
  -3.88651755   4.63016018   3.12394831
  -3.58545772   4.87229994   5.19361954
  -4.04966977   4.06151566   3.53248037
  -5.09012331   3.57661766   2.23733907
  -3.97848347   3.95506110   3.16924329
  -3.36785545   4.49256730   3.48953013
  -4.33147738   2.82038243   4.50308247
  -5.69986256   4.27619415   3.61204073
  -5.27835730   4.30803395   4.05699956
  -4.18064691   4.60166311   4.41127763
  -1.50065803   3.46034162   3.81912145
  -4.13906819   2.94791960   2.97457851
  -3.06667114   4.01553608   2.44892936
  -1.98100725   2.76110030   2.76196250
  -2.85649514   3.28383662   2.95864757
  -4.31560409   4.31116214   2.08495065
  -4.23474694   1.17125621   3.29142460
  -2.63061550   4.23208291   0.22694237
  -2.87559253   1.54328540   2.82746758
  -2.32642278   2.59003088   2.30698242
  -1.92247219   3.81467094   2.32075431
  -3.55618785   0.88356636   2.67341247
  -1.73181564   3.93333744   2.66108362
  -3.57514318   1.37412364   2.74416758
  -1.78976682   4.71154323   3.15533553
  -1.78185652   2.86069273   3.04261505
  -4.32118865   4.36095852   3.43632855
  -4.07668879   4.17843913   3.06762218
  -3.04502310   2.38539396   3.74288557
  -3.42443784   3.67730504   2.93523778
  -4.51440087   3.37289875   4.78785607
  -4.86582672   4.27583609   2.42500226
  -4.48104160   3.94850656   3.05142750
  -2.89246019   4.17613018   3.68620178
  -3.30486234   3.75096651   2.86076897
  -3.26101148   3.87135213   3.16432450
  -3.39771464   2.97607411   3.70065920
  -4.02734405   3.47425542   4.62387750
  -3.97899328   3.43512852   3.94283018
  -3.62243122   2.63863672   2.33732677
  -1.59340577   3.23587238   2.46577883
  -3.58602219   2.67168594   2.78967114
  -3.30321198   3.63161922   1.05317210
